param nn:= 160;
set F:=
6
10
21
23
24
25
26
27
28
29
30
31
32
34
35
36
37
38
39
40
41
42
43
44
45
46
47
48
50
51
52
54
55
56
57
58
59
60
61
62
63
64
65
66
67
68
69
70
71
72
73
74
75
76
77
78
79
83
84
86
91
93
94
96
97
99
100
;
set NC:=
100
;
param: E: d:=
2 3 2.500000
3 4 2.500000
4 5 2.500000
5 6 2.500000
7 0 2.500000
0 8 2.500000
9 10 2.500000
8 9 2.500000
12 11 2.500000
13 12 2.500000
14 13 2.500000
15 14 2.500000
16 15 2.500000
17 16 2.500000
18 17 2.500000
19 18 2.500000
10 21 2.500000
21 22 2.500000
22 23 2.500000
23 24 2.500000
24 25 2.500000
26 20 2.500000
27 26 2.500000
28 27 2.500000
29 28 2.500000
30 29 2.500000
34 35 2.500000
36 31 2.500000
37 36 2.500000
41 40 2.500000
35 41 2.500000
41 42 2.500000
32 38 2.500000
38 43 2.500000
43 44 2.500000
45 37 2.500000
31 32 2.500000
45 44 2.500000
44 46 2.500000
46 47 2.500000
47 48 2.500000
42 48 2.500000
49 50 2.500000
51 52 2.500000
52 45 2.500000
44 51 2.500000
48 49 2.500000
50 47 2.500000
47 53 2.500000
53 40 2.500000
40 34 2.500000
54 143 1.500000
57 55 2.500000
56 58 2.500000
59 57 2.500000
58 60 2.500000
60 141 1.500000
142 59 1.500000
48 61 2.500000
61 62 2.500000
62 63 2.500000
66 65 2.500000
67 66 2.500000
68 67 2.500000
144 68 1.500000
2 1 2.500000
64 51 2.500000
63 54 2.500000
65 49 2.500000
50 64 2.500000
25 33 2.500000
33 69 2.500000
69 71 2.500000
71 73 2.500000
73 75 2.500000
75 77 2.500000
77 31 2.500000
40 80 2.500000
80 38 2.500000
38 36 2.500000
36 78 2.500000
78 76 2.500000
76 74 2.500000
74 72 2.500000
72 70 2.500000
70 39 2.500000
39 30 2.500000
32 79 2.500000
79 34 2.500000
148 95 1.500000
94 147 1.500000
152 100 1.500000
101 151 1.500000
154 98 1.500000
99 153 1.500000
96 149 1.500000
150 97 1.500000
97 35 2.500000
95 32 2.500000
31 94 2.500000
34 96 2.500000
98 50 2.500000
49 99 2.500000
35 81 2.500000
81 82 2.500000
82 83 2.500000
83 84 2.500000
84 85 2.500000
85 86 2.500000
93 92 2.500000
92 91 2.500000
91 90 2.500000
90 89 2.500000
89 88 2.500000
88 87 2.500000
87 41 2.500000
86 139 1.500000
140 93 1.500000
108 145 1.500000
146 107 1.500000
11 56 2.500000
2 11 2.500000
107 18 2.500000
18 8 2.500000
9 19 2.500000
19 108 2.500000
55 106 2.500000
106 1 2.500000
1 121 2.500000
109 2 2.500000
110 109 2.500000
104 102 2.500000
102 114 2.500000
115 102 2.500000
102 103 2.500000
105 104 2.500000
104 134 2.500000
134 133 2.500000
103 105 2.500000
116 115 2.500000
8 117 2.500000
117 118 2.500000
118 119 2.500000
119 120 2.500000
120 116 2.500000
133 132 2.500000
132 131 2.500000
131 130 2.500000
130 129 2.500000
129 128 2.500000
128 9 2.500000
122 123 2.500000
123 124 2.500000
124 125 2.500000
125 126 2.500000
126 127 2.500000
127 103 2.500000
114 113 2.500000
113 112 2.500000
112 111 2.500000
111 110 2.500000
103 135 2.500000
135 137 1.500000
138 136 1.500000
136 105 2.500000
20 155 2.396370
155 19 0.103630
100 156 1.983977
156 52 0.516023
51 157 1.134612
157 101 1.365388
6 158 0.006720
158 7 2.493477
121 159 0.625000
159 122 1.875000
157 156 1.030158
156 155 13.349346
155 158 4.160644
158 6 0.002688
6 109 3.605551
109 159 0.901388
;
param s:=
6 146
10 144
21 154
23 150
24 138
25 154
26 154
27 140
28 140
29 142
30 142
31 148
32 150
34 152
35 140
36 144
37 138
38 138
39 146
40 144
41 154
42 146
43 154
44 140
45 150
46 138
47 144
48 148
50 144
51 154
52 146
54 152
55 146
56 142
57 150
58 142
59 142
60 140
61 146
62 144
63 138
64 150
65 148
66 138
67 140
68 150
69 146
70 138
71 154
72 142
73 148
74 138
75 142
76 150
77 138
78 144
79 140
83 144
84 150
86 146
91 138
93 142
94 152
96 138
97 154
99 148
100 157
;
param e:=
6 151
10 147
21 139
23 145
24 141
25 143
26 149
27 143
28 151
29 137
30 137
31 143
32 153
34 149
35 147
36 149
37 141
38 145
39 151
40 151
41 145
42 147
43 147
44 147
45 139
46 141
47 151
48 151
50 153
51 139
52 141
54 147
55 149
56 137
57 151
58 137
59 137
60 149
61 147
62 149
63 145
64 151
65 143
66 141
67 149
68 153
69 147
70 141
71 145
72 137
73 153
74 145
75 137
76 153
77 145
78 153
79 151
83 153
84 143
86 151
91 141
93 137
94 147
96 141
97 143
99 139
100 159
;
param v_min:=2.375
;
param v_max:=2.625 
;
param :conflictsNodes: angle:=
0 7 8 1.000000
0 8 7 1.000000
1 2 121 1.154701
1 121 2 1.154701
1 2 106 1.000000
1 106 2 1.000000
1 106 121 1.000000
1 121 106 1.000000
2 3 11 1.000000
2 11 3 1.000000
2 3 109 1.154701
2 109 3 1.154701
2 1 3 1.000000
2 3 1 1.000000
2 1 11 1.000000
2 11 1 1.000000
2 1 109 1.000000
2 109 1 1.000000
2 11 109 1.000000
2 109 11 1.000000
3 2 4 1.000000
3 4 2 1.000000
4 3 5 1.000000
4 5 3 1.000000
5 4 6 1.000000
5 6 4 1.000000
8 0 9 1.000000
8 9 0 1.000000
8 0 117 1.154701
8 117 0 1.154701
8 0 18 1.000000
8 18 0 1.000000
8 9 117 1.000000
8 117 9 1.000000
8 9 18 1.000000
8 18 9 1.000000
8 18 117 1.000000
8 117 18 1.000000
9 8 10 1.000000
9 10 8 1.000000
9 8 19 1.000000
9 19 8 1.000000
9 8 128 1.154701
9 128 8 1.154701
9 10 19 1.000000
9 19 10 1.000000
9 10 128 1.000000
9 128 10 1.000000
9 19 128 1.000000
9 128 19 1.000000
10 9 21 1.000000
10 21 9 1.000000
11 2 12 1.000000
11 12 2 1.000000
11 2 56 1.000000
11 56 2 1.000000
11 12 56 1.000000
11 56 12 1.000000
12 11 13 1.000000
12 13 11 1.000000
13 12 14 1.000000
13 14 12 1.000000
14 13 15 1.000000
14 15 13 1.000000
15 14 16 1.000000
15 16 14 1.000000
16 15 17 1.000000
16 17 15 1.000000
17 16 18 1.000000
17 18 16 1.000000
18 17 19 1.000000
18 19 17 1.000000
18 17 107 1.000000
18 107 17 1.000000
18 8 17 1.000000
18 17 8 1.000000
18 8 19 1.000000
18 19 8 1.000000
18 8 107 1.000000
18 107 8 1.000000
18 19 107 1.000000
18 107 19 1.000000
19 9 18 1.000000
19 18 9 1.000000
19 9 108 1.000000
19 108 9 1.000000
19 18 108 1.000000
19 108 18 1.000000
21 10 22 1.000000
21 22 10 1.000000
22 21 23 1.000000
22 23 21 1.000000
23 22 24 1.000000
23 24 22 1.000000
24 23 25 1.000000
24 25 23 1.000000
25 24 33 1.000000
25 33 24 1.000000
26 20 27 1.000000
26 27 20 1.000000
27 26 28 1.000000
27 28 26 1.000000
28 27 29 1.000000
28 29 27 1.000000
29 28 30 1.000000
29 30 28 1.000000
30 29 39 1.000000
30 39 29 1.000000
31 36 94 1.000000
31 94 36 1.000000
31 36 77 1.000000
31 77 36 1.000000
31 32 36 1.000000
31 36 32 1.000000
31 32 94 1.000000
31 94 32 1.000000
31 32 77 1.000000
31 77 32 1.000000
31 77 94 1.000000
31 94 77 1.000000
32 31 38 1.000000
32 38 31 1.000000
32 31 79 1.000000
32 79 31 1.000000
32 31 95 1.000000
32 95 31 1.000000
32 38 79 1.000000
32 79 38 1.000000
32 38 95 1.000000
32 95 38 1.000000
32 79 95 1.000000
32 95 79 1.000000
33 25 69 1.000000
33 69 25 1.000000
34 35 96 1.000000
34 96 35 1.000000
34 35 40 1.000000
34 40 35 1.000000
34 35 79 1.000000
34 79 35 1.000000
34 40 96 1.000000
34 96 40 1.000000
34 40 79 1.000000
34 79 40 1.000000
34 79 96 1.000000
34 96 79 1.000000
35 34 41 1.000000
35 41 34 1.000000
35 34 81 1.000000
35 81 34 1.000000
35 34 97 1.000000
35 97 34 1.000000
35 41 81 1.000000
35 81 41 1.000000
35 41 97 1.000000
35 97 41 1.000000
35 81 97 1.189773
35 97 81 1.189773
36 31 78 1.000000
36 78 31 1.000000
36 31 37 1.000000
36 37 31 1.000000
36 31 38 1.000000
36 38 31 1.000000
36 37 78 1.000000
36 78 37 1.000000
36 37 38 1.000000
36 38 37 1.000000
36 38 78 1.000000
36 78 38 1.000000
37 36 45 1.000000
37 45 36 1.000000
38 32 43 1.000000
38 43 32 1.000000
38 32 36 1.000000
38 36 32 1.000000
38 32 80 1.000000
38 80 32 1.000000
38 43 80 1.000000
38 80 43 1.000000
38 36 43 1.000000
38 43 36 1.000000
38 36 80 1.000000
38 80 36 1.000000
39 30 70 1.000000
39 70 30 1.000000
40 41 80 1.000000
40 80 41 1.000000
40 41 53 1.000000
40 53 41 1.000000
40 34 41 1.000000
40 41 34 1.000000
40 34 80 1.000000
40 80 34 1.000000
40 34 53 1.000000
40 53 34 1.000000
40 53 80 1.000000
40 80 53 1.000000
41 35 40 1.000000
41 40 35 1.000000
41 35 42 1.000000
41 42 35 1.000000
41 35 87 1.189773
41 87 35 1.189773
41 40 42 1.000000
41 42 40 1.000000
41 40 87 1.000000
41 87 40 1.000000
41 42 87 1.000000
41 87 42 1.000000
42 41 48 1.000000
42 48 41 1.000000
43 38 44 1.000000
43 44 38 1.000000
44 43 46 1.000000
44 46 43 1.000000
44 43 51 1.000000
44 51 43 1.000000
44 43 45 1.000000
44 45 43 1.000000
44 46 51 1.000000
44 51 46 1.000000
44 45 46 1.000000
44 46 45 1.000000
44 45 51 1.000000
44 51 45 1.000000
45 37 44 1.000000
45 44 37 1.000000
45 37 52 1.000000
45 52 37 1.000000
45 44 52 1.000000
45 52 44 1.000000
46 44 47 1.000000
46 47 44 1.000000
47 46 48 1.000000
47 48 46 1.000000
47 46 53 1.000000
47 53 46 1.000000
47 46 50 1.000000
47 50 46 1.000000
47 48 53 1.000000
47 53 48 1.000000
47 48 50 1.000000
47 50 48 1.000000
47 50 53 1.000000
47 53 50 1.000000
48 42 47 1.000000
48 47 42 1.000000
48 42 49 1.000000
48 49 42 1.000000
48 42 61 1.000000
48 61 42 1.000000
48 47 49 1.000000
48 49 47 1.000000
48 47 61 1.000000
48 61 47 1.000000
48 49 61 1.000000
48 61 49 1.000000
49 48 50 1.000000
49 50 48 1.000000
49 48 99 1.000000
49 99 48 1.000000
49 48 65 1.000000
49 65 48 1.000000
49 50 99 1.000000
49 99 50 1.000000
49 50 65 1.000000
49 65 50 1.000000
49 65 99 1.000000
49 99 65 1.000000
50 49 64 1.000000
50 64 49 1.000000
50 49 98 1.000000
50 98 49 1.000000
50 47 49 1.000000
50 49 47 1.000000
50 47 64 1.000000
50 64 47 1.000000
50 47 98 1.000000
50 98 47 1.000000
50 64 98 1.000000
50 98 64 1.000000
51 44 52 1.000000
51 52 44 1.000000
51 44 64 1.000000
51 64 44 1.000000
51 52 64 1.000000
51 64 52 1.000000
52 45 51 1.000000
52 51 45 1.000000
53 40 47 1.000000
53 47 40 1.000000
55 57 106 1.000000
55 106 57 1.000000
56 11 58 1.000000
56 58 11 1.000000
57 55 59 1.000000
57 59 55 1.000000
58 56 60 1.000000
58 60 56 1.000000
61 48 62 1.000000
61 62 48 1.000000
62 61 63 1.000000
62 63 61 1.000000
63 54 62 1.000000
63 62 54 1.000000
64 50 51 1.000000
64 51 50 1.000000
65 49 66 1.000000
65 66 49 1.000000
66 65 67 1.000000
66 67 65 1.000000
67 66 68 1.000000
67 68 66 1.000000
69 33 71 1.000000
69 71 33 1.000000
70 39 72 1.000000
70 72 39 1.000000
71 69 73 1.000000
71 73 69 1.000000
72 70 74 1.000000
72 74 70 1.000000
73 71 75 1.000000
73 75 71 1.000000
74 72 76 1.000000
74 76 72 1.000000
75 73 77 1.000000
75 77 73 1.000000
76 74 78 1.000000
76 78 74 1.000000
77 31 75 1.000000
77 75 31 1.000000
78 36 76 1.000000
78 76 36 1.000000
79 32 34 1.000000
79 34 32 1.000000
80 38 40 1.000000
80 40 38 1.000000
81 35 82 1.000000
81 82 35 1.000000
82 81 83 1.000000
82 83 81 1.000000
83 82 84 1.000000
83 84 82 1.000000
84 83 85 1.000000
84 85 83 1.000000
85 84 86 1.000000
85 86 84 1.000000
87 41 88 1.000000
87 88 41 1.000000
88 87 89 1.000000
88 89 87 1.000000
89 88 90 1.000000
89 90 88 1.000000
90 89 91 1.000000
90 91 89 1.000000
91 90 92 1.000000
91 92 90 1.000000
92 91 93 1.000000
92 93 91 1.000000
102 104 114 1.000000
102 114 104 1.000000
102 104 115 1.000000
102 115 104 1.000000
102 114 115 1.154701
102 115 114 1.154701
102 103 104 1.154701
102 104 103 1.154701
102 103 114 1.000000
102 114 103 1.000000
102 103 115 1.000000
102 115 103 1.000000
103 102 105 1.000000
103 105 102 1.000000
103 102 135 1.000000
103 135 102 1.000000
103 102 127 1.154701
103 127 102 1.154701
103 105 135 1.154701
103 135 105 1.154701
103 105 127 1.000000
103 127 105 1.000000
103 127 135 1.000000
103 135 127 1.000000
104 102 134 1.154701
104 134 102 1.154701
104 102 105 1.000000
104 105 102 1.000000
104 105 134 1.000000
104 134 105 1.000000
105 103 104 1.154701
105 104 103 1.154701
105 103 136 1.000000
105 136 103 1.000000
105 104 136 1.000000
105 136 104 1.000000
106 1 55 1.000000
106 55 1 1.000000
109 2 110 1.000000
109 110 2 1.000000
110 109 111 1.000000
110 111 109 1.000000
111 110 112 1.000000
111 112 110 1.000000
112 111 113 1.000000
112 113 111 1.000000
113 112 114 1.000000
113 114 112 1.000000
114 102 113 1.000000
114 113 102 1.000000
115 102 116 1.000000
115 116 102 1.000000
116 115 120 1.000000
116 120 115 1.000000
117 8 118 1.000000
117 118 8 1.000000
118 117 119 1.000000
118 119 117 1.000000
119 118 120 1.000000
119 120 118 1.000000
120 116 119 1.000000
120 119 116 1.000000
123 122 124 1.000000
123 124 122 1.000000
124 123 125 1.000000
124 125 123 1.000000
125 124 126 1.000000
125 126 124 1.000000
126 125 127 1.000000
126 127 125 1.000000
127 103 126 1.000000
127 126 103 1.000000
128 9 129 1.000000
128 129 9 1.000000
129 128 130 1.000000
129 130 128 1.000000
130 129 131 1.000000
130 131 129 1.000000
131 130 132 1.000000
131 132 130 1.000000
132 131 133 1.000000
132 133 131 1.000000
133 132 134 1.000000
133 134 132 1.000000
134 104 133 1.000000
134 133 104 1.000000
155 20 19 1.000000
155 19 20 1.000000
19 155 9 1.000000
19 9 155 1.000000
19 155 18 1.000000
19 18 155 1.000000
20 155 26 1.000000
20 26 155 1.000000
19 155 108 1.000000
19 108 155 1.000000
156 100 52 1.000000
156 52 100 1.000000
52 156 45 1.000000
52 45 156 1.000000
52 156 51 1.000000
52 51 156 1.000000
157 51 101 1.000000
157 101 51 1.000000
51 157 44 1.000000
51 44 157 1.000000
51 157 52 1.000000
51 52 157 1.000000
51 157 64 1.000000
51 64 157 1.000000
158 6 7 1.000000
158 7 6 1.000000
7 158 0 1.000000
7 0 158 1.000000
6 158 5 1.000000
6 5 158 1.000000
159 121 122 1.000000
159 122 121 1.000000
121 159 1 1.000000
121 1 159 1.000000
122 159 123 1.000000
122 123 159 1.000000
156 157 155 1.000000
156 155 157 1.000000
155 156 158 1.000000
155 158 156 1.000000
158 155 6 1.000000
158 6 155 1.000000
6 158 109 1.000000
6 109 158 1.000000
109 6 159 1.000000
109 159 6 1.000000
157 51 156 1.030158
157 156 51 1.030158
157 101 156 1.000000
157 156 101 1.000000
156 100 157 1.030158
156 157 100 1.030158
156 100 155 1.000000
156 155 100 1.000000
156 52 157 1.000000
156 157 52 1.000000
156 52 155 1.030158
156 155 52 1.030158
155 20 156 4.163332
155 156 20 4.163332
155 20 158 1.000000
155 158 20 1.000000
155 19 156 1.000000
155 156 19 1.000000
155 19 158 4.163332
155 158 19 4.163332
