param nf:= 4;
param nn:= 9;
set E: 0 1 2 3 4 5 6 7 8 :=
0 - + - + - - - - -
1 + - + - + - - - -
2 - + - - - + - - -
3 + - - - + - + - -
4 - + - + - + - + -
5 - - + - + - - - +
6 - - - + - - - + -
7 - - - - + - + - +
8 - - - - - + - + -;
param s:=
0 7
1 4
2 2
3 5;
param e:=
0 5
1 2
2 0
3 8;
param d: 0 1 2 3 4 5 6 7 8 :=
0 . 10 . 10 . . . . .
1 10 . 10 . 10 . . . .
2 . 10 . . . 10 . . .
3 10 . . . 10 . 10 . .
4 . 10 . 10 . 10 . 10 .
5 . . 10 . 10 . . . 10
6 . . . 10 . . . 10 .
7 . . . . 10 . 10 . 10
8 . . . . . 10 . 10 .;
param v_min:=
0 0 1 1		0 0 3 1		
0 1 0 1		0 1 2 1		0 1 4 1		
0 2 1 1		0 2 5 1		
0 3 0 1		0 3 4 1		0 3 6 1		
0 4 1 1		0 4 3 1		0 4 5 1		0 4 7 1		
0 5 2 1		0 5 4 1		0 5 8 1		
0 6 3 1		0 6 7 1		
0 7 4 1		0 7 6 1		0 7 8 1		
0 8 5 1		0 8 7 1		
1 0 1 1		1 0 3 1		
1 1 0 1		1 1 2 1		1 1 4 1		
1 2 1 1		1 2 5 1		
1 3 0 1		1 3 4 1		1 3 6 1		
1 4 1 1		1 4 3 1		1 4 5 1		1 4 7 1		
1 5 2 1		1 5 4 1		1 5 8 1		
1 6 3 1		1 6 7 1		
1 7 4 1		1 7 6 1		1 7 8 1		
1 8 5 1		1 8 7 1		
2 0 1 1		2 0 3 1		
2 1 0 1		2 1 2 1		2 1 4 1		
2 2 1 1		2 2 5 1		
2 3 0 1		2 3 4 1		2 3 6 1		
2 4 1 1		2 4 3 1		2 4 5 1		2 4 7 1		
2 5 2 1		2 5 4 1		2 5 8 1		
2 6 3 1		2 6 7 1		
2 7 4 1		2 7 6 1		2 7 8 1		
2 8 5 1		2 8 7 1		
3 0 1 1		3 0 3 1		
3 1 0 1		3 1 2 1		3 1 4 1		
3 2 1 1		3 2 5 1		
3 3 0 1		3 3 4 1		3 3 6 1		
3 4 1 1		3 4 3 1		3 4 5 1		3 4 7 1		
3 5 2 1		3 5 4 1		3 5 8 1		
3 6 3 1		3 6 7 1		
3 7 4 1		3 7 6 1		3 7 8 1		
3 8 5 1		3 8 7 1		;
param v_max:=
0 0 1 2		0 0 3 2		
0 1 0 2		0 1 2 2		0 1 4 2		
0 2 1 2		0 2 5 2		
0 3 0 2		0 3 4 2		0 3 6 2		
0 4 1 2		0 4 3 2		0 4 5 2		0 4 7 2		
0 5 2 2		0 5 4 2		0 5 8 2		
0 6 3 2		0 6 7 2		
0 7 4 2		0 7 6 2		0 7 8 2		
0 8 5 2		0 8 7 2		
1 0 1 2		1 0 3 2		
1 1 0 2		1 1 2 2		1 1 4 2		
1 2 1 2		1 2 5 2		
1 3 0 2		1 3 4 2		1 3 6 2		
1 4 1 2		1 4 3 2		1 4 5 2		1 4 7 2		
1 5 2 2		1 5 4 2		1 5 8 2		
1 6 3 2		1 6 7 2		
1 7 4 2		1 7 6 2		1 7 8 2		
1 8 5 2		1 8 7 2		
2 0 1 2		2 0 3 2		
2 1 0 2		2 1 2 2		2 1 4 2		
2 2 1 2		2 2 5 2		
2 3 0 2		2 3 4 2		2 3 6 2		
2 4 1 2		2 4 3 2		2 4 5 2		2 4 7 2		
2 5 2 2		2 5 4 2		2 5 8 2		
2 6 3 2		2 6 7 2		
2 7 4 2		2 7 6 2		2 7 8 2		
2 8 5 2		2 8 7 2		
3 0 1 2		3 0 3 2		
3 1 0 2		3 1 2 2		3 1 4 2		
3 2 1 2		3 2 5 2		
3 3 0 2		3 3 4 2		3 3 6 2		
3 4 1 2		3 4 3 2		3 4 5 2		3 4 7 2		
3 5 2 2		3 5 4 2		3 5 8 2		
3 6 3 2		3 6 7 2		
3 7 4 2		3 7 6 2		3 7 8 2		
3 8 5 2		3 8 7 2		;
param angleM:=
0 1 3 1		
0 3 1 1		
1 0 2 1		1 0 4 1		
1 2 0 1		1 2 4 1		
1 4 0 1		1 4 2 1		
2 1 5 1		
2 5 1 1		
3 0 4 1		3 0 6 1		
3 4 0 1		3 4 6 1		
3 6 0 1		3 6 4 1		
4 1 3 1		4 1 5 1		4 1 7 1		
4 3 1 1		4 3 5 1		4 3 7 1		
4 5 1 1		4 5 3 1		4 5 7 1		
4 7 1 1		4 7 3 1		4 7 5 1		
5 2 4 1		5 2 8 1		
5 4 2 1		5 4 8 1		
5 8 2 1		5 8 4 1		
6 3 7 1		
6 7 3 1		
7 4 6 1		7 4 8 1		
7 6 4 1		7 6 8 1		
7 8 4 1		7 8 6 1		
8 5 7 1		
8 7 5 1		
;
param angleP:=
0 1 3 1		
0 3 1 1		
1 0 2 1		1 0 4 1		
1 2 0 1		1 2 4 1		
1 4 0 1		1 4 2 1		
2 1 5 1		
2 5 1 1		
3 0 4 1		3 0 6 1		
3 4 0 1		3 4 6 1		
3 6 0 1		3 6 4 1		
4 1 3 1		4 1 5 1		4 1 7 1		
4 3 1 1		4 3 5 1		4 3 7 1		
4 5 1 1		4 5 3 1		4 5 7 1		
4 7 1 1		4 7 3 1		4 7 5 1		
5 2 4 1		5 2 8 1		
5 4 2 1		5 4 8 1		
5 8 2 1		5 8 4 1		
6 3 7 1		
6 7 3 1		
7 4 6 1		7 4 8 1		
7 6 4 1		7 6 8 1		
7 8 4 1		7 8 6 1		
8 5 7 1		
8 7 5 1		
;
param anglePM:=
0 1 3 1		
0 3 1 1		
1 0 2 1		1 0 4 1		
1 2 0 1		1 2 4 1		
1 4 0 1		1 4 2 1		
2 1 5 1		
2 5 1 1		
3 0 4 1		3 0 6 1		
3 4 0 1		3 4 6 1		
3 6 0 1		3 6 4 1		
4 1 3 1		4 1 5 1		4 1 7 1		
4 3 1 1		4 3 5 1		4 3 7 1		
4 5 1 1		4 5 3 1		4 5 7 1		
4 7 1 1		4 7 3 1		4 7 5 1		
5 2 4 1		5 2 8 1		
5 4 2 1		5 4 8 1		
5 8 2 1		5 8 4 1		
6 3 7 1		
6 7 3 1		
7 4 6 1		7 4 8 1		
7 6 4 1		7 6 8 1		
7 8 4 1		7 8 6 1		
8 5 7 1		
8 7 5 1		
;
param D:=2;
param t_hat_ear: 0 1 2 3 4 5 6 7 8 :=
0 0 0 0 0 0 0 0 0 0
1 0 0 0 0 0 0 0 0 0
2 0 0 0 0 0 0 0 0 0
3 0 0 0 0 0 0 0 0 0;
param t_hat_lat: 0 1 2 3 4 5 6 7 8 :=
0 2 2 2 2 2 2 2 2 2
1 2 2 2 2 2 2 2 2 2
2 2 2 2 2 2 2 2 2 2
3 2 2 2 2 2 2 2 2 2;
