param nf:= 4;
param nn:= 18;
set E:	0	1	2	3	4	5	6	7	8	9	10	11	12	13	14	15	16	17 :=
0	-	+	-	+	-	-	-	-	-	-	-	-	-	-	-	-	-	-
1	+	-	+	-	+	-	-	-	-	-	-	-	-	-	-	-	-	-
2	-	+	-	-	-	+	-	-	-	-	-	-	-	-	-	-	-	-
3	+	-	-	-	+	-	+	-	-	-	-	-	-	-	-	-	-	-
4	-	+	-	+	-	+	-	+	-	-	-	-	-	-	-	-	-	-
5	-	-	+	-	+	-	-	-	+	-	-	-	-	-	-	-	-	-
6	-	-	-	+	-	-	-	+	-	+	-	-	-	-	-	-	-	-
7	-	-	-	-	+	-	+	-	+	-	-	-	-	-	-	-	-	-
8	-	-	-	-	-	+	-	+	-	-	-	-	-	-	-	-	-	-
9	-	-	-	-	-	-	-	-	-	-	+	-	+	-	-	-	-	-
10	-	-	-	-	-	-	-	-	-	+	-	+	-	+	-	-	-	-
11	-	-	-	-	-	-	-	-	+	-	+	-	-	-	+	-	-	-
12	-	-	-	-	-	-	-	-	-	+	-	-	-	+	-	+	-	-
13	-	-	-	-	-	-	-	-	-	-	+	-	+	-	+	-	+	-
14	-	-	-	-	-	-	-	-	-	-	-	+	-	+	-	-	-	+
15	-	-	-	-	-	-	-	-	-	-	-	-	+	-	-	-	+	-
16	-	-	-	-	-	-	-	-	-	-	-	-	-	+	-	+	-	+
17	-	-	-	-	-	-	-	-	-	-	-	-	-	-	+	-	+	-;
param s:=
0 14
1 14
2 6
3 16;
param e:=
0 17
1 16
2 5
3 15;
param d:	0	1	2	3	4	5	6	7	8	9	10	11	12	13	14	15	16	17 :=
0	.	10	.	10	.	.	.	.	.	.	.	.	.	.	.	.	.	.
1	10	.	10	.	10	.	.	.	.	.	.	.	.	.	.	.	.	.
2	.	10	.	.	.	10	.	.	.	.	.	.	.	.	.	.	.	.
3	10	.	.	.	10	.	10	.	.	.	.	.	.	.	.	.	.	.
4	.	10	.	10	.	10	.	10	.	.	.	.	.	.	.	.	.	.
5	.	.	10	.	10	.	.	.	10	.	.	.	.	.	.	.	.	.
6	.	.	.	10	.	.	.	10	.	10	.	.	.	.	.	.	.	.
7	.	.	.	.	10	.	10	.	10	.	.	.	.	.	.	.	.	.
8	.	.	.	.	.	10	.	10	.	.	.	.	.	.	.	.	.	.
9	.	.	.	.	.	.	.	.	.	.	10	.	10	.	.	.	.	.
10	.	.	.	.	.	.	.	.	.	10	.	10	.	10	.	.	.	.
11	.	.	.	.	.	.	.	.	10	.	10	.	.	.	10	.	.	.
12	.	.	.	.	.	.	.	.	.	10	.	.	.	10	.	10	.	.
13	.	.	.	.	.	.	.	.	.	.	10	.	10	.	10	.	10	.
14	.	.	.	.	.	.	.	.	.	.	.	10	.	10	.	.	.	10
15	.	.	.	.	.	.	.	.	.	.	.	.	10	.	.	.	10	.
16	.	.	.	.	.	.	.	.	.	.	.	.	.	10	.	10	.	10
17	.	.	.	.	.	.	.	.	.	.	.	.	.	.	10	.	10	.;
param v_min:=
0 0 1 1		0 0 3 1		
0 1 0 1		0 1 2 1		0 1 4 1		
0 2 1 1		0 2 5 1		
0 3 0 1		0 3 4 1		0 3 6 1		
0 4 1 1		0 4 3 1		0 4 5 1		0 4 7 1		
0 5 2 1		0 5 4 1		0 5 8 1		
0 6 3 1		0 6 7 1		0 6 9 1		
0 7 4 1		0 7 6 1		0 7 8 1		
0 8 5 1		0 8 7 1		
0 9 10 1		0 9 12 1		
0 10 9 1		0 10 11 1		0 10 13 1		
0 11 8 1		0 11 10 1		0 11 14 1		
0 12 9 1		0 12 13 1		0 12 15 1		
0 13 10 1		0 13 12 1		0 13 14 1		0 13 16 1		
0 14 11 1		0 14 13 1		0 14 17 1		
0 15 12 1		0 15 16 1		
0 16 13 1		0 16 15 1		0 16 17 1		
0 17 14 1		0 17 16 1		
1 0 1 1		1 0 3 1		
1 1 0 1		1 1 2 1		1 1 4 1		
1 2 1 1		1 2 5 1		
1 3 0 1		1 3 4 1		1 3 6 1		
1 4 1 1		1 4 3 1		1 4 5 1		1 4 7 1		
1 5 2 1		1 5 4 1		1 5 8 1		
1 6 3 1		1 6 7 1		1 6 9 1		
1 7 4 1		1 7 6 1		1 7 8 1		
1 8 5 1		1 8 7 1		
1 9 10 1		1 9 12 1		
1 10 9 1		1 10 11 1		1 10 13 1		
1 11 8 1		1 11 10 1		1 11 14 1		
1 12 9 1		1 12 13 1		1 12 15 1		
1 13 10 1		1 13 12 1		1 13 14 1		1 13 16 1		
1 14 11 1		1 14 13 1		1 14 17 1		
1 15 12 1		1 15 16 1		
1 16 13 1		1 16 15 1		1 16 17 1		
1 17 14 1		1 17 16 1		
2 0 1 1		2 0 3 1		
2 1 0 1		2 1 2 1		2 1 4 1		
2 2 1 1		2 2 5 1		
2 3 0 1		2 3 4 1		2 3 6 1		
2 4 1 1		2 4 3 1		2 4 5 1		2 4 7 1		
2 5 2 1		2 5 4 1		2 5 8 1		
2 6 3 1		2 6 7 1		2 6 9 1		
2 7 4 1		2 7 6 1		2 7 8 1		
2 8 5 1		2 8 7 1		
2 9 10 1		2 9 12 1		
2 10 9 1		2 10 11 1		2 10 13 1		
2 11 8 1		2 11 10 1		2 11 14 1		
2 12 9 1		2 12 13 1		2 12 15 1		
2 13 10 1		2 13 12 1		2 13 14 1		2 13 16 1		
2 14 11 1		2 14 13 1		2 14 17 1		
2 15 12 1		2 15 16 1		
2 16 13 1		2 16 15 1		2 16 17 1		
2 17 14 1		2 17 16 1		
3 0 1 1		3 0 3 1		
3 1 0 1		3 1 2 1		3 1 4 1		
3 2 1 1		3 2 5 1		
3 3 0 1		3 3 4 1		3 3 6 1		
3 4 1 1		3 4 3 1		3 4 5 1		3 4 7 1		
3 5 2 1		3 5 4 1		3 5 8 1		
3 6 3 1		3 6 7 1		3 6 9 1		
3 7 4 1		3 7 6 1		3 7 8 1		
3 8 5 1		3 8 7 1		
3 9 10 1		3 9 12 1		
3 10 9 1		3 10 11 1		3 10 13 1		
3 11 8 1		3 11 10 1		3 11 14 1		
3 12 9 1		3 12 13 1		3 12 15 1		
3 13 10 1		3 13 12 1		3 13 14 1		3 13 16 1		
3 14 11 1		3 14 13 1		3 14 17 1		
3 15 12 1		3 15 16 1		
3 16 13 1		3 16 15 1		3 16 17 1		
3 17 14 1		3 17 16 1		;
param v_max:=
0 0 1 2		0 0 3 2		
0 1 0 2		0 1 2 2		0 1 4 2		
0 2 1 2		0 2 5 2		
0 3 0 2		0 3 4 2		0 3 6 2		
0 4 1 2		0 4 3 2		0 4 5 2		0 4 7 2		
0 5 2 2		0 5 4 2		0 5 8 2		
0 6 3 2		0 6 7 2		0 6 9 2		
0 7 4 2		0 7 6 2		0 7 8 2		
0 8 5 2		0 8 7 2		
0 9 10 2		0 9 12 2		
0 10 9 2		0 10 11 2		0 10 13 2		
0 11 8 2		0 11 10 2		0 11 14 2		
0 12 9 2		0 12 13 2		0 12 15 2		
0 13 10 2		0 13 12 2		0 13 14 2		0 13 16 2		
0 14 11 2		0 14 13 2		0 14 17 2		
0 15 12 2		0 15 16 2		
0 16 13 2		0 16 15 2		0 16 17 2		
0 17 14 2		0 17 16 2		
1 0 1 2		1 0 3 2		
1 1 0 2		1 1 2 2		1 1 4 2		
1 2 1 2		1 2 5 2		
1 3 0 2		1 3 4 2		1 3 6 2		
1 4 1 2		1 4 3 2		1 4 5 2		1 4 7 2		
1 5 2 2		1 5 4 2		1 5 8 2		
1 6 3 2		1 6 7 2		1 6 9 2		
1 7 4 2		1 7 6 2		1 7 8 2		
1 8 5 2		1 8 7 2		
1 9 10 2		1 9 12 2		
1 10 9 2		1 10 11 2		1 10 13 2		
1 11 8 2		1 11 10 2		1 11 14 2		
1 12 9 2		1 12 13 2		1 12 15 2		
1 13 10 2		1 13 12 2		1 13 14 2		1 13 16 2		
1 14 11 2		1 14 13 2		1 14 17 2		
1 15 12 2		1 15 16 2		
1 16 13 2		1 16 15 2		1 16 17 2		
1 17 14 2		1 17 16 2		
2 0 1 2		2 0 3 2		
2 1 0 2		2 1 2 2		2 1 4 2		
2 2 1 2		2 2 5 2		
2 3 0 2		2 3 4 2		2 3 6 2		
2 4 1 2		2 4 3 2		2 4 5 2		2 4 7 2		
2 5 2 2		2 5 4 2		2 5 8 2		
2 6 3 2		2 6 7 2		2 6 9 2		
2 7 4 2		2 7 6 2		2 7 8 2		
2 8 5 2		2 8 7 2		
2 9 10 2		2 9 12 2		
2 10 9 2		2 10 11 2		2 10 13 2		
2 11 8 2		2 11 10 2		2 11 14 2		
2 12 9 2		2 12 13 2		2 12 15 2		
2 13 10 2		2 13 12 2		2 13 14 2		2 13 16 2		
2 14 11 2		2 14 13 2		2 14 17 2		
2 15 12 2		2 15 16 2		
2 16 13 2		2 16 15 2		2 16 17 2		
2 17 14 2		2 17 16 2		
3 0 1 2		3 0 3 2		
3 1 0 2		3 1 2 2		3 1 4 2		
3 2 1 2		3 2 5 2		
3 3 0 2		3 3 4 2		3 3 6 2		
3 4 1 2		3 4 3 2		3 4 5 2		3 4 7 2		
3 5 2 2		3 5 4 2		3 5 8 2		
3 6 3 2		3 6 7 2		3 6 9 2		
3 7 4 2		3 7 6 2		3 7 8 2		
3 8 5 2		3 8 7 2		
3 9 10 2		3 9 12 2		
3 10 9 2		3 10 11 2		3 10 13 2		
3 11 8 2		3 11 10 2		3 11 14 2		
3 12 9 2		3 12 13 2		3 12 15 2		
3 13 10 2		3 13 12 2		3 13 14 2		3 13 16 2		
3 14 11 2		3 14 13 2		3 14 17 2		
3 15 12 2		3 15 16 2		
3 16 13 2		3 16 15 2		3 16 17 2		
3 17 14 2		3 17 16 2		;
param angleM:=
0 1 3 1		
0 3 1 1		
1 0 2 1		1 0 4 1		
1 2 0 1		1 2 4 1		
1 4 0 1		1 4 2 1		
2 1 5 1		
2 5 1 1		
3 0 4 1		3 0 6 1		
3 4 0 1		3 4 6 1		
3 6 0 1		3 6 4 1		
4 1 3 1		4 1 5 1		4 1 7 1		
4 3 1 1		4 3 5 1		4 3 7 1		
4 5 1 1		4 5 3 1		4 5 7 1		
4 7 1 1		4 7 3 1		4 7 5 1		
5 2 4 1		5 2 8 1		
5 4 2 1		5 4 8 1		
5 8 2 1		5 8 4 1		
6 3 7 1		
6 7 3 1		
7 4 6 1		7 4 8 1		
7 6 4 1		7 6 8 1		
7 8 4 1		7 8 6 1		
8 5 7 1		8 5 11 1		
8 7 5 1		8 7 11 1		
8 11 5 1		8 11 7 1		
9 6 10 1		9 6 12 1		
9 10 6 1		9 10 12 1		
9 12 6 1		9 12 10 1		
10 9 11 1		10 9 13 1		
10 11 9 1		10 11 13 1		
10 13 9 1		10 13 11 1		
11 10 14 1		
11 14 10 1		
12 9 13 1		12 9 15 1		
12 13 9 1		12 13 15 1		
12 15 9 1		12 15 13 1		
13 10 12 1		13 10 14 1		13 10 16 1		
13 12 10 1		13 12 14 1		13 12 16 1		
13 14 10 1		13 14 12 1		13 14 16 1		
13 16 10 1		13 16 12 1		13 16 14 1		
14 11 13 1		14 11 17 1		
14 13 11 1		14 13 17 1		
14 17 11 1		14 17 13 1		
15 12 16 1		
15 16 12 1		
16 13 15 1		16 13 17 1		
16 15 13 1		16 15 17 1		
16 17 13 1		16 17 15 1		
17 14 16 1		
17 16 14 1		
;
param angleP:=
0 1 3 1		
0 3 1 1		
1 0 2 1		1 0 4 1		
1 2 0 1		1 2 4 1		
1 4 0 1		1 4 2 1		
2 1 5 1		
2 5 1 1		
3 0 4 1		3 0 6 1		
3 4 0 1		3 4 6 1		
3 6 0 1		3 6 4 1		
4 1 3 1		4 1 5 1		4 1 7 1		
4 3 1 1		4 3 5 1		4 3 7 1		
4 5 1 1		4 5 3 1		4 5 7 1		
4 7 1 1		4 7 3 1		4 7 5 1		
5 2 4 1		5 2 8 1		
5 4 2 1		5 4 8 1		
5 8 2 1		5 8 4 1		
6 3 7 1		6 3 9 1		
6 7 3 1		6 7 9 1		
6 9 3 1		6 9 7 1		
7 4 6 1		7 4 8 1		
7 6 4 1		7 6 8 1		
7 8 4 1		7 8 6 1		
8 5 7 1		
8 7 5 1		
9 10 12 1		
9 12 10 1		
10 9 11 1		10 9 13 1		
10 11 9 1		10 11 13 1		
10 13 9 1		10 13 11 1		
11 8 10 1		11 8 14 1		
11 10 8 1		11 10 14 1		
11 14 8 1		11 14 10 1		
12 9 13 1		12 9 15 1		
12 13 9 1		12 13 15 1		
12 15 9 1		12 15 13 1		
13 10 12 1		13 10 14 1		13 10 16 1		
13 12 10 1		13 12 14 1		13 12 16 1		
13 14 10 1		13 14 12 1		13 14 16 1		
13 16 10 1		13 16 12 1		13 16 14 1		
14 11 13 1		14 11 17 1		
14 13 11 1		14 13 17 1		
14 17 11 1		14 17 13 1		
15 12 16 1		
15 16 12 1		
16 13 15 1		16 13 17 1		
16 15 13 1		16 15 17 1		
16 17 13 1		16 17 15 1		
17 14 16 1		
17 16 14 1		
;
param anglePM:=
0 1 3 1		
0 3 1 1		
1 0 2 1		1 0 4 1		
1 2 0 1		1 2 4 1		
1 4 0 1		1 4 2 1		
2 1 5 1		
2 5 1 1		
3 0 4 1		3 0 6 1		
3 4 0 1		3 4 6 1		
3 6 0 1		3 6 4 1		
4 1 3 1		4 1 5 1		4 1 7 1		
4 3 1 1		4 3 5 1		4 3 7 1		
4 5 1 1		4 5 3 1		4 5 7 1		
4 7 1 1		4 7 3 1		4 7 5 1		
5 2 4 1		5 2 8 1		
5 4 2 1		5 4 8 1		
5 8 2 1		5 8 4 1		
6 3 7 1		
6 7 3 1		
6 9 3 1		6 9 7 1		
7 4 6 1		7 4 8 1		
7 6 4 1		7 6 8 1		
7 8 4 1		7 8 6 1		
8 5 7 1		8 5 11 1		
8 7 5 1		8 7 11 1		
9 10 6 1		9 10 12 1		
9 12 6 1		9 12 10 1		
10 9 11 1		10 9 13 1		
10 11 9 1		10 11 13 1		
10 13 9 1		10 13 11 1		
11 8 10 1		11 8 14 1		
11 10 14 1		
11 14 10 1		
12 9 13 1		12 9 15 1		
12 13 9 1		12 13 15 1		
12 15 9 1		12 15 13 1		
13 10 12 1		13 10 14 1		13 10 16 1		
13 12 10 1		13 12 14 1		13 12 16 1		
13 14 10 1		13 14 12 1		13 14 16 1		
13 16 10 1		13 16 12 1		13 16 14 1		
14 11 13 1		14 11 17 1		
14 13 11 1		14 13 17 1		
14 17 11 1		14 17 13 1		
15 12 16 1		
15 16 12 1		
16 13 15 1		16 13 17 1		
16 15 13 1		16 15 17 1		
16 17 13 1		16 17 15 1		
17 14 16 1		
17 16 14 1		
;
param D:=2;
param t_hat_ear: 0 1 2 3 4 5 6 7 8 9 10 11 12 13 14 15 16 17 :=
0 0 0 0 0 0 0 0 0 0 0 0 0 0 0 0 0 0 0
1 0 0 0 0 0 0 0 0 0 0 0 0 0 0 0 0 0 0
2 0 0 0 0 0 0 0 0 0 0 0 0 0 0 0 0 0 0
3 0 0 0 0 0 0 0 0 0 0 0 0 0 0 0 0 0 0;
param t_hat_lat: 0 1 2 3 4 5 6 7 8 9 10 11 12 13 14 15 16 17 :=
0 2 2 2 2 2 2 2 2 2 2 2 2 2 2 2 2 2 2
1 2 2 2 2 2 2 2 2 2 2 2 2 2 2 2 2 2 2
2 2 2 2 2 2 2 2 2 2 2 2 2 2 2 2 2 2 2
3 2 2 2 2 2 2 2 2 2 2 2 2 2 2 2 2 2 2;
