param nn:= 148;
set F:=
39
40
42
44
48
50
51
52
53
54
55
56
57
58
59
60
61
62
63
64
65
66
67
69
70
71
73
74
75
77
78
79
80
83
87
91
92
94
95
;
param: E: d:=
0 1 2.500000
2 10 1.500000
11 3 1.500000
4 8 1.500000
9 5 1.500000
12 13 2.500000
0 13 2.500000
12 1 2.500000
14 15 2.500000
16 17 2.500000
14 17 2.500000
16 15 2.500000
18 19 2.500000
20 21 2.500000
18 21 2.500000
20 19 2.500000
22 23 2.500000
24 25 2.500000
22 25 2.500000
24 23 2.500000
13 34 2.500000
34 35 2.500000
35 32 2.500000
32 30 2.500000
30 28 2.500000
28 26 2.500000
29 27 2.500000
27 33 2.500000
33 31 2.500000
31 36 2.500000
36 37 2.500000
37 12 2.500000
17 46 2.500000
46 47 2.500000
47 44 2.500000
44 42 2.500000
42 40 2.500000
40 38 2.500000
41 39 2.500000
39 45 2.500000
45 43 2.500000
43 48 2.500000
48 49 2.500000
49 16 2.500000
19 50 2.500000
50 51 2.500000
51 52 2.500000
52 53 2.500000
53 54 2.500000
54 55 2.500000
55 22 2.500000
25 56 2.500000
56 57 2.500000
57 58 2.500000
58 59 2.500000
59 60 2.500000
60 61 2.500000
61 20 2.500000
3 62 2.500000
62 63 2.500000
63 64 2.500000
64 65 2.500000
65 66 2.500000
66 67 2.500000
67 0 2.500000
1 68 2.500000
68 69 2.500000
69 70 2.500000
70 71 2.500000
71 72 2.500000
72 73 2.500000
73 14 2.500000
17 74 2.500000
74 75 2.500000
75 76 2.500000
76 77 2.500000
77 78 2.500000
78 79 2.500000
79 12 2.500000
13 80 2.500000
80 81 2.500000
81 82 2.500000
82 83 2.500000
83 84 2.500000
84 85 2.500000
85 2 2.500000
26 94 2.500000
94 95 2.500000
95 18 2.500000
19 96 2.500000
96 97 2.500000
97 29 2.500000
38 98 2.500000
98 99 2.500000
99 22 2.500000
23 100 2.500000
100 101 2.500000
101 41 2.500000
92 102 2.500000
102 103 2.500000
103 104 2.500000
104 105 2.500000
105 106 2.500000
106 107 2.500000
107 18 2.500000
21 108 2.500000
108 109 2.500000
109 110 2.500000
110 111 2.500000
111 112 2.500000
112 113 2.500000
113 93 2.500000
21 89 2.500000
88 20 2.500000
25 91 2.500000
90 24 2.500000
5 114 2.500000
114 115 2.500000
115 116 2.500000
116 117 2.500000
117 118 2.500000
118 119 2.500000
119 0 2.500000
1 120 2.500000
120 121 2.500000
121 122 2.500000
122 123 2.500000
123 124 2.500000
124 125 2.500000
125 4 2.500000
7 126 1.500000
126 127 2.500000
127 128 2.500000
128 129 2.500000
129 130 2.500000
130 131 2.500000
131 14 2.500000
15 132 2.500000
132 133 2.500000
133 134 2.500000
134 135 2.500000
135 136 2.500000
136 137 2.500000
137 6 1.500000
87 6 1.500000
7 86 1.500000
144 88 1.500000
143 90 1.500000
145 92 1.500000
93 140 1.500000
89 139 1.500000
91 138 1.500000
48 142 1.500000
47 142 1.500000
36 141 1.500000
35 141 1.500000
146 37 1.500000
146 34 1.500000
147 46 1.500000
147 49 1.500000
;
param s:=
39 145
40 9
42 7
44 147
48 9
50 144
51 146
52 11
53 144
54 7
55 9
56 11
57 145
58 145
59 143
60 11
61 145
62 144
63 146
64 145
65 143
66 146
67 144
69 7
70 146
71 7
73 7
74 145
75 11
77 147
78 144
79 11
80 143
83 11
87 144
91 147
92 11
94 9
95 147
;
param e:=
39 142
40 142
42 141
44 141
48 139
50 10
51 138
52 139
53 142
54 8
55 142
56 6
57 141
58 141
59 6
60 8
61 138
62 10
63 10
64 138
65 141
66 142
67 141
69 138
70 139
71 138
73 10
74 139
75 142
77 10
78 141
79 141
80 142
83 6
87 8
91 6
92 6
94 142
95 138
;
param v_min:=2.375
;
param v_max:=2.625 
;
param :conflictsNodes: angle:=
0 1 13 1.000000
0 13 1 1.000000
0 1 67 1.000000
0 67 1 1.000000
0 1 119 1.000000
0 119 1 1.000000
0 13 67 1.000000
0 67 13 1.000000
0 13 119 1.000000
0 119 13 1.000000
0 67 119 1.000000
0 119 67 1.000000
1 0 68 1.000000
1 68 0 1.000000
1 0 120 1.000000
1 120 0 1.000000
1 0 12 1.000000
1 12 0 1.000000
1 68 120 1.000000
1 120 68 1.000000
1 12 68 1.000000
1 68 12 1.000000
1 12 120 1.000000
1 120 12 1.000000
12 13 37 1.000000
12 37 13 1.000000
12 13 79 1.000000
12 79 13 1.000000
12 1 13 1.000000
12 13 1 1.000000
12 1 37 1.000000
12 37 1 1.000000
12 1 79 1.000000
12 79 1 1.000000
12 37 79 1.000000
12 79 37 1.000000
13 0 12 1.000000
13 12 0 1.000000
13 0 34 1.000000
13 34 0 1.000000
13 0 80 1.000000
13 80 0 1.000000
13 12 34 1.000000
13 34 12 1.000000
13 12 80 1.000000
13 80 12 1.000000
13 34 80 1.000000
13 80 34 1.000000
14 15 17 1.000000
14 17 15 1.000000
14 15 73 1.000000
14 73 15 1.000000
14 15 131 1.000000
14 131 15 1.000000
14 17 73 1.000000
14 73 17 1.000000
14 17 131 1.000000
14 131 17 1.000000
14 73 131 1.000000
14 131 73 1.000000
15 14 132 1.000000
15 132 14 1.000000
15 14 16 1.000000
15 16 14 1.000000
15 16 132 1.000000
15 132 16 1.000000
16 17 49 1.000000
16 49 17 1.000000
16 15 17 1.000000
16 17 15 1.000000
16 15 49 1.000000
16 49 15 1.000000
17 14 16 1.000000
17 16 14 1.000000
17 14 46 1.000000
17 46 14 1.000000
17 14 74 1.000000
17 74 14 1.000000
17 16 46 1.000000
17 46 16 1.000000
17 16 74 1.000000
17 74 16 1.000000
17 46 74 1.000000
17 74 46 1.000000
18 19 21 1.000000
18 21 19 1.000000
18 19 95 1.000000
18 95 19 1.000000
18 19 107 1.000000
18 107 19 1.000000
18 21 95 1.000000
18 95 21 1.000000
18 21 107 1.000000
18 107 21 1.000000
18 95 107 1.000000
18 107 95 1.000000
19 18 50 1.000000
19 50 18 1.000000
19 18 96 1.000000
19 96 18 1.000000
19 18 20 1.000000
19 20 18 1.000000
19 50 96 1.000000
19 96 50 1.000000
19 20 50 1.000000
19 50 20 1.000000
19 20 96 1.000000
19 96 20 1.000000
20 21 61 1.000000
20 61 21 1.000000
20 21 88 1.000000
20 88 21 1.000000
20 19 21 1.000000
20 21 19 1.000000
20 19 61 1.000000
20 61 19 1.000000
20 19 88 1.000000
20 88 19 1.000000
20 61 88 1.000000
20 88 61 1.000000
21 18 20 1.000000
21 20 18 1.000000
21 18 108 1.000000
21 108 18 1.000000
21 18 89 1.000000
21 89 18 1.000000
21 20 108 1.000000
21 108 20 1.000000
21 20 89 1.000000
21 89 20 1.000000
21 89 108 1.000000
21 108 89 1.000000
22 23 25 1.000000
22 25 23 1.000000
22 23 55 1.000000
22 55 23 1.000000
22 23 99 1.000000
22 99 23 1.000000
22 25 55 1.000000
22 55 25 1.000000
22 25 99 1.000000
22 99 25 1.000000
22 55 99 1.000000
22 99 55 1.000000
23 22 100 1.000000
23 100 22 1.000000
23 22 24 1.000000
23 24 22 1.000000
23 24 100 1.000000
23 100 24 1.000000
24 25 90 1.000000
24 90 25 1.000000
24 23 25 1.000000
24 25 23 1.000000
24 23 90 1.000000
24 90 23 1.000000
25 22 24 1.000000
25 24 22 1.000000
25 22 56 1.000000
25 56 22 1.000000
25 22 91 1.000000
25 91 22 1.000000
25 24 56 1.000000
25 56 24 1.000000
25 24 91 1.000000
25 91 24 1.000000
25 56 91 1.000000
25 91 56 1.000000
26 28 94 1.000000
26 94 28 1.000000
27 29 33 1.000000
27 33 29 1.000000
28 26 30 1.000000
28 30 26 1.000000
29 27 97 1.000000
29 97 27 1.000000
30 28 32 1.000000
30 32 28 1.000000
31 33 36 1.000000
31 36 33 1.000000
32 30 35 1.000000
32 35 30 1.000000
33 27 31 1.000000
33 31 27 1.000000
34 13 35 1.000000
34 35 13 1.000000
35 32 34 1.000000
35 34 32 1.000000
36 31 37 1.000000
36 37 31 1.000000
37 12 36 1.000000
37 36 12 1.000000
38 40 98 1.000000
38 98 40 1.000000
39 41 45 1.000000
39 45 41 1.000000
40 38 42 1.000000
40 42 38 1.000000
41 39 101 1.000000
41 101 39 1.000000
42 40 44 1.000000
42 44 40 1.000000
43 45 48 1.000000
43 48 45 1.000000
44 42 47 1.000000
44 47 42 1.000000
45 39 43 1.000000
45 43 39 1.000000
46 17 47 1.000000
46 47 17 1.000000
47 44 46 1.000000
47 46 44 1.000000
48 43 49 1.000000
48 49 43 1.000000
49 16 48 1.000000
49 48 16 1.000000
50 19 51 1.000000
50 51 19 1.000000
51 50 52 1.000000
51 52 50 1.000000
52 51 53 1.000000
52 53 51 1.000000
53 52 54 1.000000
53 54 52 1.000000
54 53 55 1.000000
54 55 53 1.000000
55 22 54 1.000000
55 54 22 1.000000
56 25 57 1.000000
56 57 25 1.000000
57 56 58 1.000000
57 58 56 1.000000
58 57 59 1.000000
58 59 57 1.000000
59 58 60 1.000000
59 60 58 1.000000
60 59 61 1.000000
60 61 59 1.000000
61 20 60 1.000000
61 60 20 1.000000
62 3 63 1.000000
62 63 3 1.000000
63 62 64 1.000000
63 64 62 1.000000
64 63 65 1.000000
64 65 63 1.000000
65 64 66 1.000000
65 66 64 1.000000
66 65 67 1.000000
66 67 65 1.000000
67 0 66 1.000000
67 66 0 1.000000
68 1 69 1.000000
68 69 1 1.000000
69 68 70 1.000000
69 70 68 1.000000
70 69 71 1.000000
70 71 69 1.000000
71 70 72 1.000000
71 72 70 1.000000
72 71 73 1.000000
72 73 71 1.000000
73 14 72 1.000000
73 72 14 1.000000
74 17 75 1.000000
74 75 17 1.000000
75 74 76 1.000000
75 76 74 1.000000
76 75 77 1.000000
76 77 75 1.000000
77 76 78 1.000000
77 78 76 1.000000
78 77 79 1.000000
78 79 77 1.000000
79 12 78 1.000000
79 78 12 1.000000
80 13 81 1.000000
80 81 13 1.000000
81 80 82 1.000000
81 82 80 1.000000
82 81 83 1.000000
82 83 81 1.000000
83 82 84 1.000000
83 84 82 1.000000
84 83 85 1.000000
84 85 83 1.000000
85 2 84 1.000000
85 84 2 1.000000
94 26 95 1.000000
94 95 26 1.000000
95 18 94 1.000000
95 94 18 1.000000
96 19 97 1.000000
96 97 19 1.000000
97 29 96 1.000000
97 96 29 1.000000
98 38 99 1.000000
98 99 38 1.000000
99 22 98 1.000000
99 98 22 1.000000
100 23 101 1.000000
100 101 23 1.000000
101 41 100 1.000000
101 100 41 1.000000
102 92 103 1.000000
102 103 92 1.000000
103 102 104 1.000000
103 104 102 1.000000
104 103 105 1.000000
104 105 103 1.000000
105 104 106 1.000000
105 106 104 1.000000
106 105 107 1.000000
106 107 105 1.000000
107 18 106 1.000000
107 106 18 1.000000
108 21 109 1.000000
108 109 21 1.000000
109 108 110 1.000000
109 110 108 1.000000
110 109 111 1.000000
110 111 109 1.000000
111 110 112 1.000000
111 112 110 1.000000
112 111 113 1.000000
112 113 111 1.000000
113 93 112 1.000000
113 112 93 1.000000
114 5 115 1.000000
114 115 5 1.000000
115 114 116 1.000000
115 116 114 1.000000
116 115 117 1.000000
116 117 115 1.000000
117 116 118 1.000000
117 118 116 1.000000
118 117 119 1.000000
118 119 117 1.000000
119 0 118 1.000000
119 118 0 1.000000
120 1 121 1.000000
120 121 1 1.000000
121 120 122 1.000000
121 122 120 1.000000
122 121 123 1.000000
122 123 121 1.000000
123 122 124 1.000000
123 124 122 1.000000
124 123 125 1.000000
124 125 123 1.000000
125 4 124 1.000000
125 124 4 1.000000
127 126 128 1.000000
127 128 126 1.000000
128 127 129 1.000000
128 129 127 1.000000
129 128 130 1.000000
129 130 128 1.000000
130 129 131 1.000000
130 131 129 1.000000
131 14 130 1.000000
131 130 14 1.000000
132 15 133 1.000000
132 133 15 1.000000
133 132 134 1.000000
133 134 132 1.000000
134 133 135 1.000000
134 135 133 1.000000
135 134 136 1.000000
135 136 134 1.000000
136 135 137 1.000000
136 137 135 1.000000
;
param D:=0.5;
param t_hat_ear:=
39 145 26.0
39 92 27.0
39 102 28.0
39 103 29.0
39 104 30.0
39 105 31.0
39 106 32.0
39 107 33.0
39 18 34.0
39 19 35.0
39 50 36.0
39 51 37.0
39 52 38.0
39 53 39.0
39 54 40.0
39 55 41.0
39 22 42.0
39 23 43.0
39 100 44.0
39 101 45.0
39 41 46.0
39 39 47.0
39 45 48.0
39 43 49.0
39 48 50.0
39 142 51.0
40 9 27.0
40 5 28.0
40 114 29.0
40 115 30.0
40 116 31.0
40 117 32.0
40 118 33.0
40 119 34.0
40 0 35.0
40 1 36.0
40 68 37.0
40 69 38.0
40 70 39.0
40 71 40.0
40 72 41.0
40 73 42.0
40 14 43.0
40 17 44.0
40 46 45.0
40 47 46.0
40 142 47.0
42 7 29.0
42 126 30.0
42 127 31.0
42 128 32.0
42 129 33.0
42 130 34.0
42 131 35.0
42 14 36.0
42 17 37.0
42 74 38.0
42 75 39.0
42 76 40.0
42 77 41.0
42 78 42.0
42 79 43.0
42 12 44.0
42 13 45.0
42 34 46.0
42 35 47.0
42 141 48.0
44 147 39.0
44 49 40.0
44 16 41.0
44 17 42.0
44 74 43.0
44 75 44.0
44 76 45.0
44 77 46.0
44 78 47.0
44 79 48.0
44 12 49.0
44 13 50.0
44 34 51.0
44 35 52.0
44 141 53.0
48 9 34.0
48 5 35.0
48 114 36.0
48 115 37.0
48 116 38.0
48 117 39.0
48 118 40.0
48 119 41.0
48 0 42.0
48 13 43.0
48 34 44.0
48 35 45.0
48 32 46.0
48 30 47.0
48 28 48.0
48 26 49.0
48 94 50.0
48 95 51.0
48 18 52.0
48 21 53.0
48 89 54.0
48 139 55.0
50 144 28.0
50 88 29.0
50 20 30.0
50 19 31.0
50 96 32.0
50 97 33.0
50 29 34.0
50 27 35.0
50 33 36.0
50 31 37.0
50 36 38.0
50 37 39.0
50 12 40.0
50 13 41.0
50 80 42.0
50 81 43.0
50 82 44.0
50 83 45.0
50 84 46.0
50 85 47.0
50 2 48.0
50 10 49.0
51 146 29.0
51 34 30.0
51 35 31.0
51 32 32.0
51 30 33.0
51 28 34.0
51 26 35.0
51 94 36.0
51 95 37.0
51 18 38.0
51 19 39.0
51 50 40.0
51 51 41.0
51 52 42.0
51 53 43.0
51 54 44.0
51 55 45.0
51 22 46.0
51 25 47.0
51 91 48.0
51 138 49.0
52 11 38.0
52 3 39.0
52 62 40.0
52 63 41.0
52 64 42.0
52 65 43.0
52 66 44.0
52 67 45.0
52 0 46.0
52 13 47.0
52 34 48.0
52 35 49.0
52 32 50.0
52 30 51.0
52 28 52.0
52 26 53.0
52 94 54.0
52 95 55.0
52 18 56.0
52 21 57.0
52 89 58.0
52 139 59.0
53 144 26.0
53 88 27.0
53 20 28.0
53 19 29.0
53 50 30.0
53 51 31.0
53 52 32.0
53 53 33.0
53 54 34.0
53 55 35.0
53 22 36.0
53 23 37.0
53 100 38.0
53 101 39.0
53 41 40.0
53 39 41.0
53 45 42.0
53 43 43.0
53 48 44.0
53 142 45.0
54 7 27.0
54 126 28.0
54 127 29.0
54 128 30.0
54 129 31.0
54 130 32.0
54 131 33.0
54 14 34.0
54 17 35.0
54 74 36.0
54 75 37.0
54 76 38.0
54 77 39.0
54 78 40.0
54 79 41.0
54 12 42.0
54 1 43.0
54 120 44.0
54 121 45.0
54 122 46.0
54 123 47.0
54 124 48.0
54 125 49.0
54 4 50.0
54 8 51.0
55 9 29.0
55 5 30.0
55 114 31.0
55 115 32.0
55 116 33.0
55 117 34.0
55 118 35.0
55 119 36.0
55 0 37.0
55 1 38.0
55 68 39.0
55 69 40.0
55 70 41.0
55 71 42.0
55 72 43.0
55 73 44.0
55 14 45.0
55 17 46.0
55 46 47.0
55 47 48.0
55 142 49.0
56 11 25.0
56 3 26.0
56 62 27.0
56 63 28.0
56 64 29.0
56 65 30.0
56 66 31.0
56 67 32.0
56 0 33.0
56 1 34.0
56 68 35.0
56 69 36.0
56 70 37.0
56 71 38.0
56 72 39.0
56 73 40.0
56 14 41.0
56 15 42.0
56 132 43.0
56 133 44.0
56 134 45.0
56 135 46.0
56 136 47.0
56 137 48.0
56 6 49.0
57 145 28.0
57 92 29.0
57 102 30.0
57 103 31.0
57 104 32.0
57 105 33.0
57 106 34.0
57 107 35.0
57 18 36.0
57 19 37.0
57 96 38.0
57 97 39.0
57 29 40.0
57 27 41.0
57 33 42.0
57 31 43.0
57 36 44.0
57 141 45.0
58 145 39.0
58 92 40.0
58 102 41.0
58 103 42.0
58 104 43.0
58 105 44.0
58 106 45.0
58 107 46.0
58 18 47.0
58 19 48.0
58 96 49.0
58 97 50.0
58 29 51.0
58 27 52.0
58 33 53.0
58 31 54.0
58 36 55.0
58 141 56.0
59 143 27.0
59 90 28.0
59 24 29.0
59 23 30.0
59 100 31.0
59 101 32.0
59 41 33.0
59 39 34.0
59 45 35.0
59 43 36.0
59 48 37.0
59 49 38.0
59 16 39.0
59 15 40.0
59 132 41.0
59 133 42.0
59 134 43.0
59 135 44.0
59 136 45.0
59 137 46.24
59 6 47.0
60 11 31.0
60 3 32.0
60 62 33.0
60 63 34.0
60 64 35.0
60 65 36.0
60 66 37.0
60 67 38.0
60 0 39.0
60 1 40.0
60 120 41.0
60 121 42.0
60 122 43.0
60 123 44.0
60 124 45.0
60 125 46.0
60 4 47.0
60 8 48.0
61 145 37.0
61 92 38.0
61 102 39.0
61 103 40.0
61 104 41.0
61 105 42.0
61 106 43.0
61 107 44.0
61 18 45.0
61 19 46.0
61 50 47.0
61 51 48.0
61 52 49.0
61 53 50.0
61 54 51.0
61 55 52.0
61 22 53.0
61 25 54.0
61 91 55.0
61 138 56.0
62 144 41.0
62 88 42.0
62 20 43.0
62 19 44.0
62 96 45.0
62 97 46.0
62 29 47.0
62 27 48.0
62 33 49.0
62 31 50.0
62 36 51.0
62 37 52.0
62 12 53.0
62 13 54.0
62 80 55.0
62 81 56.0
62 82 57.0
62 83 58.0
62 84 59.0
62 85 60.0
62 2 61.0
62 10 62.0
63 146 49.0
63 37 50.0
63 12 51.0
63 13 52.0
63 80 53.0
63 81 54.0
63 82 55.0
63 83 56.0
63 84 57.0
63 85 58.0
63 2 59.0
63 10 60.0
64 145 46.0
64 92 47.0
64 102 48.0
64 103 49.0
64 104 50.0
64 105 51.0
64 106 52.0
64 107 53.0
64 18 54.0
64 19 55.0
64 50 56.0
64 51 57.0
64 52 58.0
64 53 59.0
64 54 60.0
64 55 61.0
64 22 62.0
64 25 63.0
64 91 64.0
64 138 65.0
65 143 49.0
65 90 50.0
65 24 51.0
65 25 52.0
65 56 53.0
65 57 54.0
65 58 55.0
65 59 56.0
65 60 57.0
65 61 58.0
65 20 59.0
65 19 60.0
65 96 61.0
65 97 62.0
65 29 63.0
65 27 64.0
65 33 65.0
65 31 66.0
65 36 67.0
65 141 68.0
66 146 44.0
66 37 45.0
66 12 46.0
66 1 47.0
66 68 48.0
66 69 49.0
66 70 50.0
66 71 51.0
66 72 52.0
66 73 53.0
66 14 54.0
66 17 55.0
66 46 56.0
66 47 57.0
66 142 58.0
67 144 47.0
67 88 48.0
67 20 49.0
67 19 50.0
67 96 51.0
67 97 52.0
67 29 53.0
67 27 54.0
67 33 55.0
67 31 56.0
67 36 57.0
67 141 58.0
69 7 43.0
69 126 44.0
69 127 45.0
69 128 46.0
69 129 47.0
69 130 48.0
69 131 49.0
69 14 50.0
69 17 51.0
69 46 52.0
69 47 53.0
69 44 54.0
69 42 55.0
69 40 56.0
69 38 57.0
69 98 58.0
69 99 59.0
69 22 60.0
69 25 61.0
69 91 62.0
69 138 63.0
70 146 41.0
70 34 42.0
70 35 43.0
70 32 44.0
70 30 45.0
70 28 46.0
70 26 47.0
70 94 48.0
70 95 49.0
70 18 50.0
70 21 51.0
70 89 52.0
70 139 53.0
71 7 31.0
71 126 32.0
71 127 33.0
71 128 34.0
71 129 35.0
71 130 36.0
71 131 37.0
71 14 38.0
71 17 39.0
71 46 40.0
71 47 41.0
71 44 42.0
71 42 43.0
71 40 44.0
71 38 45.0
71 98 46.0
71 99 47.0
71 22 48.0
71 25 49.0
71 91 50.0
71 138 51.0
73 7 49.0
73 126 50.0
73 127 51.0
73 128 52.0
73 129 53.0
73 130 54.0
73 131 55.0
73 14 56.0
73 17 57.0
73 74 58.0
73 75 59.0
73 76 60.0
73 77 61.0
73 78 62.0
73 79 63.0
73 12 64.0
73 13 65.0
73 80 66.0
73 81 67.0
73 82 68.0
73 83 69.0
73 84 70.0
73 85 71.0
73 2 72.0
73 10 73.0
74 145 35.0
74 92 36.0
74 102 37.0
74 103 38.0
74 104 39.0
74 105 40.0
74 106 41.0
74 107 42.0
74 18 43.0
74 21 44.0
74 89 45.0
74 139 46.0
75 11 36.0
75 3 37.0
75 62 38.0
75 63 39.0
75 64 40.0
75 65 41.0
75 66 42.0
75 67 43.0
75 0 44.0
75 1 45.0
75 68 46.0
75 69 47.0
75 70 48.0
75 71 49.0
75 72 50.0
75 73 51.0
75 14 52.0
75 17 53.0
75 46 54.0
75 47 55.0
75 142 56.0
77 147 45.0
77 49 46.0
77 16 47.0
77 17 48.0
77 74 49.0
77 75 50.0
77 76 51.0
77 77 52.0
77 78 53.0
77 79 54.0
77 12 55.0
77 13 56.0
77 80 57.0
77 81 58.0
77 82 59.0
77 83 60.0
77 84 61.0
77 85 62.0
77 2 63.0
77 10 64.0
78 144 39.0
78 88 40.0
78 20 41.0
78 19 42.0
78 96 43.0
78 97 44.0
78 29 45.0
78 27 46.0
78 33 47.0
78 31 48.0
78 36 49.0
78 141 50.0
79 11 49.0
79 3 50.0
79 62 51.0
79 63 52.0
79 64 53.0
79 65 54.0
79 66 55.0
79 67 56.0
79 0 57.0
79 13 58.0
79 34 59.0
79 35 60.0
79 141 61.0
80 143 42.0
80 90 43.0
80 24 44.0
80 23 45.0
80 100 46.0
80 101 47.0
80 41 48.0
80 39 49.0
80 45 50.0
80 43 51.0
80 48 52.0
80 142 53.0
83 11 45.0
83 3 46.0
83 62 47.0
83 63 48.0
83 64 49.0
83 65 50.0
83 66 51.0
83 67 52.0
83 0 53.0
83 1 54.0
83 68 55.0
83 69 56.0
83 70 57.0
83 71 58.0
83 72 59.0
83 73 60.0
83 14 61.0
83 15 62.0
83 132 63.0
83 133 64.0
83 134 65.0
83 135 66.0
83 136 67.0
83 137 68.0
83 6 69.0
87 144 49.0
87 88 50.0
87 20 51.0
87 19 52.0
87 96 53.0
87 97 54.0
87 29 55.0
87 27 56.0
87 33 57.0
87 31 58.0
87 36 59.0
87 37 60.0
87 12 61.0
87 1 62.0
87 120 63.0
87 121 64.0
87 122 65.0
87 123 66.0
87 124 67.0
87 125 68.0
87 4 69.0
87 8 70.0
91 147 41.0
91 49 42.0
91 16 43.0
91 15 44.0
91 132 45.0
91 133 46.0
91 134 47.0
91 135 48.0
91 136 49.0
91 137 50.0
91 6 51.0
92 11 43.0
92 3 44.0
92 62 45.0
92 63 46.0
92 64 47.0
92 65 48.0
92 66 49.0
92 67 50.0
92 0 51.0
92 1 52.0
92 68 53.0
92 69 54.0
92 70 55.0
92 71 56.0
92 72 57.0
92 73 58.0
92 14 59.0
92 15 60.0
92 132 61.0
92 133 62.0
92 134 63.0
92 135 64.0
92 136 65.0
92 137 66.0
92 6 67.0
94 9 47.0
94 5 48.0
94 114 49.0
94 115 50.0
94 116 51.0
94 117 52.0
94 118 53.0
94 119 54.0
94 0 55.0
94 1 56.0
94 68 57.0
94 69 58.0
94 70 59.0
94 71 60.0
94 72 61.0
94 73 62.0
94 14 63.0
94 17 64.0
94 46 65.0
94 47 66.0
94 142 67.0
95 147 49.0
95 46 50.0
95 47 51.0
95 44 52.0
95 42 53.0
95 40 54.0
95 38 55.0
95 98 56.0
95 99 57.0
95 22 58.0
95 25 59.0
95 91 60.0
95 138 61.0
;
param t_hat_lat:=
39 145 27.0
39 92 28.0
39 102 29.0
39 103 30.0
39 104 31.0
39 105 32.0
39 106 33.0
39 107 34.0
39 18 35.0
39 19 36.0
39 50 37.0
39 51 38.0
39 52 39.0
39 53 40.0
39 54 41.0
39 55 42.0
39 22 43.0
39 23 44.0
39 100 45.0
39 101 46.0
39 41 47.0
39 39 48.0
39 45 49.0
39 43 50.0
39 48 51.0
39 142 52.0
40 9 28.0
40 5 29.0
40 114 30.0
40 115 31.0
40 116 32.0
40 117 33.0
40 118 34.0
40 119 35.0
40 0 36.0
40 1 37.0
40 68 38.0
40 69 39.0
40 70 40.0
40 71 41.0
40 72 42.0
40 73 43.0
40 14 44.0
40 17 45.0
40 46 46.0
40 47 47.0
40 142 48.0
42 7 30.0
42 126 31.0
42 127 32.0
42 128 33.0
42 129 34.0
42 130 35.0
42 131 36.0
42 14 37.0
42 17 38.0
42 74 39.0
42 75 40.0
42 76 41.0
42 77 42.0
42 78 43.0
42 79 44.0
42 12 45.0
42 13 46.0
42 34 47.0
42 35 48.0
42 141 49.0
44 147 40.0
44 49 41.0
44 16 42.0
44 17 43.0
44 74 44.0
44 75 45.0
44 76 46.0
44 77 47.0
44 78 48.0
44 79 49.0
44 12 50.0
44 13 51.0
44 34 52.0
44 35 53.0
44 141 54.0
48 9 35.0
48 5 36.0
48 114 37.0
48 115 38.0
48 116 39.0
48 117 40.0
48 118 41.0
48 119 42.0
48 0 43.0
48 13 44.0
48 34 45.0
48 35 46.0
48 32 47.0
48 30 48.0
48 28 49.0
48 26 50.0
48 94 51.0
48 95 52.0
48 18 53.0
48 21 54.0
48 89 55.0
48 139 56.0
50 144 29.0
50 88 30.0
50 20 31.0
50 19 32.0
50 96 33.0
50 97 34.0
50 29 35.0
50 27 36.0
50 33 37.0
50 31 38.0
50 36 39.0
50 37 40.0
50 12 41.0
50 13 42.0
50 80 43.0
50 81 44.0
50 82 45.0
50 83 46.0
50 84 47.0
50 85 48.0
50 2 49.0
50 10 50.0
51 146 30.0
51 34 31.0
51 35 32.0
51 32 33.0
51 30 34.0
51 28 35.0
51 26 36.0
51 94 37.0
51 95 38.0
51 18 39.0
51 19 40.0
51 50 41.0
51 51 42.0
51 52 43.0
51 53 44.0
51 54 45.0
51 55 46.0
51 22 47.0
51 25 48.0
51 91 49.0
51 138 50.0
52 11 39.0
52 3 40.0
52 62 41.0
52 63 42.0
52 64 43.0
52 65 44.0
52 66 45.0
52 67 46.0
52 0 47.0
52 13 48.0
52 34 49.0
52 35 50.0
52 32 51.0
52 30 52.0
52 28 53.0
52 26 54.0
52 94 55.0
52 95 56.0
52 18 57.0
52 21 58.0
52 89 59.0
52 139 60.0
53 144 27.0
53 88 28.0
53 20 29.0
53 19 30.0
53 50 31.0
53 51 32.0
53 52 33.0
53 53 34.0
53 54 35.0
53 55 36.0
53 22 37.0
53 23 38.0
53 100 39.0
53 101 40.0
53 41 41.0
53 39 42.0
53 45 43.0
53 43 44.0
53 48 45.0
53 142 46.0
54 7 28.0
54 126 29.0
54 127 30.0
54 128 31.0
54 129 32.0
54 130 33.0
54 131 34.0
54 14 35.0
54 17 36.0
54 74 37.0
54 75 38.0
54 76 39.0
54 77 40.0
54 78 41.0
54 79 42.0
54 12 43.0
54 1 44.0
54 120 45.0
54 121 46.0
54 122 47.0
54 123 48.0
54 124 49.0
54 125 50.0
54 4 51.0
54 8 52.0
55 9 30.0
55 5 31.0
55 114 32.0
55 115 33.0
55 116 34.0
55 117 35.0
55 118 36.0
55 119 37.0
55 0 38.0
55 1 39.0
55 68 40.0
55 69 41.0
55 70 42.0
55 71 43.0
55 72 44.0
55 73 45.0
55 14 46.0
55 17 47.0
55 46 48.0
55 47 49.0
55 142 50.0
56 11 26.0
56 3 27.0
56 62 28.0
56 63 29.0
56 64 30.0
56 65 31.0
56 66 32.0
56 67 33.0
56 0 34.0
56 1 35.0
56 68 36.0
56 69 37.0
56 70 38.0
56 71 39.0
56 72 40.0
56 73 41.0
56 14 42.0
56 15 43.0
56 132 44.0
56 133 45.0
56 134 46.0
56 135 47.0
56 136 48.0
56 137 49.0
56 6 50.0
57 145 29.0
57 92 30.0
57 102 31.0
57 103 32.0
57 104 33.0
57 105 34.0
57 106 35.0
57 107 36.0
57 18 37.0
57 19 38.0
57 96 39.0
57 97 40.0
57 29 41.0
57 27 42.0
57 33 43.0
57 31 44.0
57 36 45.0
57 141 46.0
58 145 40.0
58 92 41.0
58 102 42.0
58 103 43.0
58 104 44.0
58 105 45.0
58 106 46.0
58 107 47.0
58 18 48.0
58 19 49.0
58 96 50.0
58 97 51.0
58 29 52.0
58 27 53.0
58 33 54.0
58 31 55.0
58 36 56.0
58 141 57.0
59 143 28.0
59 90 29.0
59 24 30.0
59 23 31.0
59 100 32.0
59 101 33.0
59 41 34.0
59 39 35.0
59 45 36.0
59 43 37.0
59 48 38.0
59 49 39.0
59 16 40.0
59 15 41.0
59 132 42.0
59 133 43.0
59 134 44.0
59 135 45.0
59 136 46.0
59 137 47.24
59 6 48.0
60 11 32.0
60 3 33.0
60 62 34.0
60 63 35.0
60 64 36.0
60 65 37.0
60 66 38.0
60 67 39.0
60 0 40.0
60 1 41.0
60 120 42.0
60 121 43.0
60 122 44.0
60 123 45.0
60 124 46.0
60 125 47.0
60 4 48.0
60 8 49.0
61 145 38.0
61 92 39.0
61 102 40.0
61 103 41.0
61 104 42.0
61 105 43.0
61 106 44.0
61 107 45.0
61 18 46.0
61 19 47.0
61 50 48.0
61 51 49.0
61 52 50.0
61 53 51.0
61 54 52.0
61 55 53.0
61 22 54.0
61 25 55.0
61 91 56.0
61 138 57.0
62 144 42.0
62 88 43.0
62 20 44.0
62 19 45.0
62 96 46.0
62 97 47.0
62 29 48.0
62 27 49.0
62 33 50.0
62 31 51.0
62 36 52.0
62 37 53.0
62 12 54.0
62 13 55.0
62 80 56.0
62 81 57.0
62 82 58.0
62 83 59.0
62 84 60.0
62 85 61.0
62 2 62.0
62 10 63.0
63 146 50.0
63 37 51.0
63 12 52.0
63 13 53.0
63 80 54.0
63 81 55.0
63 82 56.0
63 83 57.0
63 84 58.0
63 85 59.0
63 2 60.0
63 10 61.0
64 145 47.0
64 92 48.0
64 102 49.0
64 103 50.0
64 104 51.0
64 105 52.0
64 106 53.0
64 107 54.0
64 18 55.0
64 19 56.0
64 50 57.0
64 51 58.0
64 52 59.0
64 53 60.0
64 54 61.0
64 55 62.0
64 22 63.0
64 25 64.0
64 91 65.0
64 138 66.0
65 143 50.0
65 90 51.0
65 24 52.0
65 25 53.0
65 56 54.0
65 57 55.0
65 58 56.0
65 59 57.0
65 60 58.0
65 61 59.0
65 20 60.0
65 19 61.0
65 96 62.0
65 97 63.0
65 29 64.0
65 27 65.0
65 33 66.0
65 31 67.0
65 36 68.0
65 141 69.0
66 146 45.0
66 37 46.0
66 12 47.0
66 1 48.0
66 68 49.0
66 69 50.0
66 70 51.0
66 71 52.0
66 72 53.0
66 73 54.0
66 14 55.0
66 17 56.0
66 46 57.0
66 47 58.0
66 142 59.0
67 144 48.0
67 88 49.0
67 20 50.0
67 19 51.0
67 96 52.0
67 97 53.0
67 29 54.0
67 27 55.0
67 33 56.0
67 31 57.0
67 36 58.0
67 141 59.0
69 7 44.0
69 126 45.0
69 127 46.0
69 128 47.0
69 129 48.0
69 130 49.0
69 131 50.0
69 14 51.0
69 17 52.0
69 46 53.0
69 47 54.0
69 44 55.0
69 42 56.0
69 40 57.0
69 38 58.0
69 98 59.0
69 99 60.0
69 22 61.0
69 25 62.0
69 91 63.0
69 138 64.0
70 146 42.0
70 34 43.0
70 35 44.0
70 32 45.0
70 30 46.0
70 28 47.0
70 26 48.0
70 94 49.0
70 95 50.0
70 18 51.0
70 21 52.0
70 89 53.0
70 139 54.0
71 7 32.0
71 126 33.0
71 127 34.0
71 128 35.0
71 129 36.0
71 130 37.0
71 131 38.0
71 14 39.0
71 17 40.0
71 46 41.0
71 47 42.0
71 44 43.0
71 42 44.0
71 40 45.0
71 38 46.0
71 98 47.0
71 99 48.0
71 22 49.0
71 25 50.0
71 91 51.0
71 138 52.0
73 7 50.0
73 126 51.0
73 127 52.0
73 128 53.0
73 129 54.0
73 130 55.0
73 131 56.0
73 14 57.0
73 17 58.0
73 74 59.0
73 75 60.0
73 76 61.0
73 77 62.0
73 78 63.0
73 79 64.0
73 12 65.0
73 13 66.0
73 80 67.0
73 81 68.0
73 82 69.0
73 83 70.0
73 84 71.0
73 85 72.0
73 2 73.0
73 10 74.0
74 145 36.0
74 92 37.0
74 102 38.0
74 103 39.0
74 104 40.0
74 105 41.0
74 106 42.0
74 107 43.0
74 18 44.0
74 21 45.0
74 89 46.0
74 139 47.0
75 11 37.0
75 3 38.0
75 62 39.0
75 63 40.0
75 64 41.0
75 65 42.0
75 66 43.0
75 67 44.0
75 0 45.0
75 1 46.0
75 68 47.0
75 69 48.0
75 70 49.0
75 71 50.0
75 72 51.0
75 73 52.0
75 14 53.0
75 17 54.0
75 46 55.0
75 47 56.0
75 142 57.0
77 147 46.0
77 49 47.0
77 16 48.0
77 17 49.0
77 74 50.0
77 75 51.0
77 76 52.0
77 77 53.0
77 78 54.0
77 79 55.0
77 12 56.0
77 13 57.0
77 80 58.0
77 81 59.0
77 82 60.0
77 83 61.0
77 84 62.0
77 85 63.0
77 2 64.0
77 10 65.0
78 144 40.0
78 88 41.0
78 20 42.0
78 19 43.0
78 96 44.0
78 97 45.0
78 29 46.0
78 27 47.0
78 33 48.0
78 31 49.0
78 36 50.0
78 141 51.0
79 11 50.0
79 3 51.0
79 62 52.0
79 63 53.0
79 64 54.0
79 65 55.0
79 66 56.0
79 67 57.0
79 0 58.0
79 13 59.0
79 34 60.0
79 35 61.0
79 141 62.0
80 143 43.0
80 90 44.0
80 24 45.0
80 23 46.0
80 100 47.0
80 101 48.0
80 41 49.0
80 39 50.0
80 45 51.0
80 43 52.0
80 48 53.0
80 142 54.0
83 11 46.0
83 3 47.0
83 62 48.0
83 63 49.0
83 64 50.0
83 65 51.0
83 66 52.0
83 67 53.0
83 0 54.0
83 1 55.0
83 68 56.0
83 69 57.0
83 70 58.0
83 71 59.0
83 72 60.0
83 73 61.0
83 14 62.0
83 15 63.0
83 132 64.0
83 133 65.0
83 134 66.0
83 135 67.0
83 136 68.0
83 137 69.0
83 6 70.0
87 144 50.0
87 88 51.0
87 20 52.0
87 19 53.0
87 96 54.0
87 97 55.0
87 29 56.0
87 27 57.0
87 33 58.0
87 31 59.0
87 36 60.0
87 37 61.0
87 12 62.0
87 1 63.0
87 120 64.0
87 121 65.0
87 122 66.0
87 123 67.0
87 124 68.0
87 125 69.0
87 4 70.0
87 8 71.0
91 147 42.0
91 49 43.0
91 16 44.0
91 15 45.0
91 132 46.0
91 133 47.0
91 134 48.0
91 135 49.0
91 136 50.0
91 137 51.0
91 6 52.0
92 11 44.0
92 3 45.0
92 62 46.0
92 63 47.0
92 64 48.0
92 65 49.0
92 66 50.0
92 67 51.0
92 0 52.0
92 1 53.0
92 68 54.0
92 69 55.0
92 70 56.0
92 71 57.0
92 72 58.0
92 73 59.0
92 14 60.0
92 15 61.0
92 132 62.0
92 133 63.0
92 134 64.0
92 135 65.0
92 136 66.0
92 137 67.0
92 6 68.0
94 9 48.0
94 5 49.0
94 114 50.0
94 115 51.0
94 116 52.0
94 117 53.0
94 118 54.0
94 119 55.0
94 0 56.0
94 1 57.0
94 68 58.0
94 69 59.0
94 70 60.0
94 71 61.0
94 72 62.0
94 73 63.0
94 14 64.0
94 17 65.0
94 46 66.0
94 47 67.0
94 142 68.0
95 147 50.0
95 46 51.0
95 47 52.0
95 44 53.0
95 42 54.0
95 40 55.0
95 38 56.0
95 98 57.0
95 99 58.0
95 22 59.0
95 25 60.0
95 91 61.0
95 138 62.0
;
param drifted_flight:= 59;
param drifted_wp:= 137;
set fixedFlights :=
39 145 92
39 92 102
39 102 103
39 103 104
39 104 105
39 105 106
39 106 107
39 107 18
39 18 19
39 19 50
39 50 51
39 51 52
39 52 53
39 53 54
39 54 55
39 55 22
39 22 23
39 23 100
39 100 101
39 101 41
39 41 39
39 39 45
39 45 43
39 43 48
39 48 142
40 9 5
40 5 114
40 114 115
40 115 116
40 116 117
40 117 118
40 118 119
40 119 0
40 0 1
40 1 68
40 68 69
40 69 70
40 70 71
40 71 72
40 72 73
40 73 14
40 14 17
40 17 46
40 46 47
40 47 142
42 7 126
42 126 127
42 127 128
42 128 129
42 129 130
42 130 131
42 131 14
42 14 17
42 17 74
42 74 75
42 75 76
42 76 77
42 77 78
42 78 79
42 79 12
42 12 13
42 13 34
42 34 35
42 35 141
44 147 49
44 49 16
44 16 17
44 17 74
44 74 75
44 75 76
44 76 77
44 77 78
44 78 79
44 79 12
44 12 13
44 13 34
44 34 35
44 35 141
48 9 5
48 5 114
48 114 115
48 115 116
48 116 117
48 117 118
48 118 119
48 119 0
48 0 13
48 13 34
48 34 35
48 35 32
48 32 30
48 30 28
48 28 26
48 26 94
48 94 95
48 95 18
48 18 21
48 21 89
48 89 139
50 144 88
50 88 20
50 20 19
50 19 96
50 96 97
50 97 29
50 29 27
50 27 33
50 33 31
50 31 36
50 36 37
50 37 12
50 12 13
50 13 80
50 80 81
50 81 82
50 82 83
50 83 84
50 84 85
50 85 2
50 2 10
51 146 34
51 34 35
51 35 32
51 32 30
51 30 28
51 28 26
51 26 94
51 94 95
51 95 18
51 18 19
51 19 50
51 50 51
51 51 52
51 52 53
51 53 54
51 54 55
51 55 22
51 22 25
51 25 91
51 91 138
52 11 3
52 3 62
52 62 63
52 63 64
52 64 65
52 65 66
52 66 67
52 67 0
52 0 13
52 13 34
52 34 35
52 35 32
52 32 30
52 30 28
52 28 26
52 26 94
52 94 95
52 95 18
52 18 21
52 21 89
52 89 139
53 144 88
53 88 20
53 20 19
53 19 50
53 50 51
53 51 52
53 52 53
53 53 54
53 54 55
53 55 22
53 22 23
53 23 100
53 100 101
53 101 41
53 41 39
53 39 45
53 45 43
53 43 48
53 48 142
54 7 126
54 126 127
54 127 128
54 128 129
54 129 130
54 130 131
54 131 14
54 14 17
54 17 74
54 74 75
54 75 76
54 76 77
54 77 78
54 78 79
54 79 12
54 12 1
54 1 120
54 120 121
54 121 122
54 122 123
54 123 124
54 124 125
54 125 4
54 4 8
55 9 5
55 5 114
55 114 115
55 115 116
55 116 117
55 117 118
55 118 119
55 119 0
55 0 1
55 1 68
55 68 69
55 69 70
55 70 71
55 71 72
55 72 73
55 73 14
55 14 17
55 17 46
55 46 47
55 47 142
56 11 3
56 3 62
56 62 63
56 63 64
56 64 65
56 65 66
56 66 67
56 67 0
56 0 1
56 1 68
56 68 69
56 69 70
56 70 71
56 71 72
56 72 73
56 73 14
56 14 15
56 15 132
56 132 133
56 133 134
56 134 135
56 135 136
56 136 137
56 137 6
57 145 92
57 92 102
57 102 103
57 103 104
57 104 105
57 105 106
57 106 107
57 107 18
57 18 19
57 19 96
57 96 97
57 97 29
57 29 27
57 27 33
57 33 31
57 31 36
57 36 141
58 145 92
58 92 102
58 102 103
58 103 104
58 104 105
58 105 106
58 106 107
58 107 18
58 18 19
58 19 96
58 96 97
58 97 29
58 29 27
58 27 33
58 33 31
58 31 36
58 36 141
59 143 90
59 90 24
59 24 23
59 23 100
59 100 101
59 101 41
59 41 39
59 39 45
59 45 43
59 43 48
59 48 49
59 49 16
59 16 15
59 15 132
59 132 133
59 133 134
59 134 135
59 135 136
59 136 137
59 137 6
60 11 3
60 3 62
60 62 63
60 63 64
60 64 65
60 65 66
60 66 67
60 67 0
60 0 1
60 1 120
60 120 121
60 121 122
60 122 123
60 123 124
60 124 125
60 125 4
60 4 8
61 145 92
61 92 102
61 102 103
61 103 104
61 104 105
61 105 106
61 106 107
61 107 18
61 18 19
61 19 50
61 50 51
61 51 52
61 52 53
61 53 54
61 54 55
61 55 22
61 22 25
61 25 91
61 91 138
62 144 88
62 88 20
62 20 19
62 19 96
62 96 97
62 97 29
62 29 27
62 27 33
62 33 31
62 31 36
62 36 37
62 37 12
62 12 13
62 13 80
62 80 81
62 81 82
62 82 83
62 83 84
62 84 85
62 85 2
62 2 10
63 146 37
63 37 12
63 12 13
63 13 80
63 80 81
63 81 82
63 82 83
63 83 84
63 84 85
63 85 2
63 2 10
64 145 92
64 92 102
64 102 103
64 103 104
64 104 105
64 105 106
64 106 107
64 107 18
64 18 19
64 19 50
64 50 51
64 51 52
64 52 53
64 53 54
64 54 55
64 55 22
64 22 25
64 25 91
64 91 138
65 143 90
65 90 24
65 24 25
65 25 56
65 56 57
65 57 58
65 58 59
65 59 60
65 60 61
65 61 20
65 20 19
65 19 96
65 96 97
65 97 29
65 29 27
65 27 33
65 33 31
65 31 36
65 36 141
66 146 37
66 37 12
66 12 1
66 1 68
66 68 69
66 69 70
66 70 71
66 71 72
66 72 73
66 73 14
66 14 17
66 17 46
66 46 47
66 47 142
67 144 88
67 88 20
67 20 19
67 19 96
67 96 97
67 97 29
67 29 27
67 27 33
67 33 31
67 31 36
67 36 141
69 7 126
69 126 127
69 127 128
69 128 129
69 129 130
69 130 131
69 131 14
69 14 17
69 17 46
69 46 47
69 47 44
69 44 42
69 42 40
69 40 38
69 38 98
69 98 99
69 99 22
69 22 25
69 25 91
69 91 138
70 146 34
70 34 35
70 35 32
70 32 30
70 30 28
70 28 26
70 26 94
70 94 95
70 95 18
70 18 21
70 21 89
70 89 139
71 7 126
71 126 127
71 127 128
71 128 129
71 129 130
71 130 131
71 131 14
71 14 17
71 17 46
71 46 47
71 47 44
71 44 42
71 42 40
71 40 38
71 38 98
71 98 99
71 99 22
71 22 25
71 25 91
71 91 138
73 7 126
73 126 127
73 127 128
73 128 129
73 129 130
73 130 131
73 131 14
73 14 17
73 17 74
73 74 75
73 75 76
73 76 77
73 77 78
73 78 79
73 79 12
73 12 13
73 13 80
73 80 81
73 81 82
73 82 83
73 83 84
73 84 85
73 85 2
73 2 10
74 145 92
74 92 102
74 102 103
74 103 104
74 104 105
74 105 106
74 106 107
74 107 18
74 18 21
74 21 89
74 89 139
75 11 3
75 3 62
75 62 63
75 63 64
75 64 65
75 65 66
75 66 67
75 67 0
75 0 1
75 1 68
75 68 69
75 69 70
75 70 71
75 71 72
75 72 73
75 73 14
75 14 17
75 17 46
75 46 47
75 47 142
77 147 49
77 49 16
77 16 17
77 17 74
77 74 75
77 75 76
77 76 77
77 77 78
77 78 79
77 79 12
77 12 13
77 13 80
77 80 81
77 81 82
77 82 83
77 83 84
77 84 85
77 85 2
77 2 10
78 144 88
78 88 20
78 20 19
78 19 96
78 96 97
78 97 29
78 29 27
78 27 33
78 33 31
78 31 36
78 36 141
79 11 3
79 3 62
79 62 63
79 63 64
79 64 65
79 65 66
79 66 67
79 67 0
79 0 13
79 13 34
79 34 35
79 35 141
80 143 90
80 90 24
80 24 23
80 23 100
80 100 101
80 101 41
80 41 39
80 39 45
80 45 43
80 43 48
80 48 142
83 11 3
83 3 62
83 62 63
83 63 64
83 64 65
83 65 66
83 66 67
83 67 0
83 0 1
83 1 68
83 68 69
83 69 70
83 70 71
83 71 72
83 72 73
83 73 14
83 14 15
83 15 132
83 132 133
83 133 134
83 134 135
83 135 136
83 136 137
83 137 6
87 144 88
87 88 20
87 20 19
87 19 96
87 96 97
87 97 29
87 29 27
87 27 33
87 33 31
87 31 36
87 36 37
87 37 12
87 12 1
87 1 120
87 120 121
87 121 122
87 122 123
87 123 124
87 124 125
87 125 4
87 4 8
91 147 49
91 49 16
91 16 15
91 15 132
91 132 133
91 133 134
91 134 135
91 135 136
91 136 137
91 137 6
92 11 3
92 3 62
92 62 63
92 63 64
92 64 65
92 65 66
92 66 67
92 67 0
92 0 1
92 1 68
92 68 69
92 69 70
92 70 71
92 71 72
92 72 73
92 73 14
92 14 15
92 15 132
92 132 133
92 133 134
92 134 135
92 135 136
92 136 137
92 137 6
94 9 5
94 5 114
94 114 115
94 115 116
94 116 117
94 117 118
94 118 119
94 119 0
94 0 1
94 1 68
94 68 69
94 69 70
94 70 71
94 71 72
94 72 73
94 73 14
94 14 17
94 17 46
94 46 47
94 47 142
95 147 46
95 46 47
95 47 44
95 44 42
95 42 40
95 40 38
95 38 98
95 98 99
95 99 22
95 22 25
95 25 91
95 91 138
;
set inFlight:=
39
40
42
44
48
50
51
52
53
54
55
56
57
58
59
60
61
62
66
69
70
71
74
75
77
78
80
83
91
92
;
param tini := 45.5;
