param nn:= 155;
set F:=
35
40
54
56
60
62
63
64
66
67
69
70
71
72
73
76
78
79
80
81
82
84
86
87
90
91
94
96
97
99
;
param: E: d:=
2 3 2.500000
3 4 2.500000
4 5 2.500000
5 6 2.500000
6 7 2.500000
7 0 2.500000
0 8 2.500000
9 10 2.500000
8 9 2.500000
12 11 2.500000
13 12 2.500000
14 13 2.500000
15 14 2.500000
16 15 2.500000
17 16 2.500000
18 17 2.500000
19 18 2.500000
20 19 2.500000
10 21 2.500000
21 22 2.500000
22 23 2.500000
23 24 2.500000
24 25 2.500000
26 20 2.500000
27 26 2.500000
28 27 2.500000
29 28 2.500000
30 29 2.500000
34 35 2.500000
36 31 2.500000
37 36 2.500000
41 40 2.500000
35 41 2.500000
41 42 2.500000
32 38 2.500000
38 43 2.500000
43 44 2.500000
45 37 2.500000
31 32 2.500000
45 44 2.500000
44 46 2.500000
46 47 2.500000
47 48 2.500000
42 48 2.500000
49 50 2.500000
51 52 2.500000
52 45 2.500000
44 51 2.500000
48 49 2.500000
50 47 2.500000
47 53 2.500000
53 40 2.500000
40 34 2.500000
54 143 1.500000
57 55 2.500000
56 58 2.500000
59 57 2.500000
58 60 2.500000
60 141 1.500000
142 59 1.500000
48 61 2.500000
61 62 2.500000
62 63 2.500000
66 65 2.500000
67 66 2.500000
68 67 2.500000
144 68 1.500000
2 1 2.500000
64 51 2.500000
63 54 2.500000
65 49 2.500000
50 64 2.500000
25 33 2.500000
33 69 2.500000
69 71 2.500000
71 73 2.500000
73 75 2.500000
75 77 2.500000
77 31 2.500000
40 80 2.500000
80 38 2.500000
38 36 2.500000
36 78 2.500000
78 76 2.500000
76 74 2.500000
74 72 2.500000
72 70 2.500000
70 39 2.500000
39 30 2.500000
32 79 2.500000
79 34 2.500000
148 95 1.500000
94 147 1.500000
152 100 1.500000
101 151 1.500000
154 98 1.500000
99 153 1.500000
96 149 1.500000
150 97 1.500000
97 35 2.500000
95 32 2.500000
31 94 2.500000
34 96 2.500000
51 101 2.500000
100 52 2.500000
98 50 2.500000
49 99 2.500000
35 81 2.500000
81 82 2.500000
82 83 2.500000
83 84 2.500000
84 85 2.500000
85 86 2.500000
93 92 2.500000
92 91 2.500000
91 90 2.500000
90 89 2.500000
89 88 2.500000
88 87 2.500000
87 41 2.500000
86 139 1.500000
140 93 1.500000
108 145 1.500000
146 107 1.500000
11 56 2.500000
2 11 2.500000
107 18 2.500000
18 8 2.500000
9 19 2.500000
19 108 2.500000
55 106 2.500000
106 1 2.500000
1 121 2.500000
121 122 2.500000
109 2 2.500000
110 109 2.500000
104 102 2.500000
102 114 2.500000
115 102 2.500000
102 103 2.500000
105 104 2.500000
104 134 2.500000
134 133 2.500000
103 105 2.500000
116 115 2.500000
8 117 2.500000
117 118 2.500000
118 119 2.500000
119 120 2.500000
120 116 2.500000
133 132 2.500000
132 131 2.500000
131 130 2.500000
130 129 2.500000
129 128 2.500000
128 9 2.500000
122 123 2.500000
123 124 2.500000
124 125 2.500000
125 126 2.500000
126 127 2.500000
127 103 2.500000
114 113 2.500000
113 112 2.500000
112 111 2.500000
111 110 2.500000
103 135 2.500000
135 137 1.500000
138 136 1.500000
136 105 2.500000
;
param s:=
35 150
40 148
54 146
56 144
60 152
62 146
63 144
64 154
66 138
67 146
69 144
70 154
71 140
72 150
73 154
76 140
78 140
79 142
80 138
81 138
82 146
84 148
86 146
87 142
90 138
91 144
94 146
96 144
97 146
99 138
;
param e:=
35 145
40 153
54 147
56 149
60 139
62 141
63 149
64 143
66 141
67 137
69 149
70 149
71 149
72 143
73 145
76 151
78 153
79 137
80 141
81 145
82 137
84 139
86 149
87 137
90 141
91 153
94 141
96 153
97 141
99 145
;
param v_min:=2.375
;
param v_max:=2.625 
;
param :conflictsNodes: angle:=
0 7 8 1.000000
0 8 7 1.000000
1 2 121 1.154701
1 121 2 1.154701
1 2 106 1.000000
1 106 2 1.000000
1 106 121 1.000000
1 121 106 1.000000
2 3 11 1.000000
2 11 3 1.000000
2 3 109 1.154701
2 109 3 1.154701
2 1 3 1.000000
2 3 1 1.000000
2 1 11 1.000000
2 11 1 1.000000
2 1 109 1.000000
2 109 1 1.000000
2 11 109 1.000000
2 109 11 1.000000
3 2 4 1.000000
3 4 2 1.000000
4 3 5 1.000000
4 5 3 1.000000
5 4 6 1.000000
5 6 4 1.000000
6 5 7 1.000000
6 7 5 1.000000
7 0 6 1.000000
7 6 0 1.000000
8 0 9 1.000000
8 9 0 1.000000
8 0 117 1.154701
8 117 0 1.154701
8 0 18 1.000000
8 18 0 1.000000
8 9 117 1.000000
8 117 9 1.000000
8 9 18 1.000000
8 18 9 1.000000
8 18 117 1.000000
8 117 18 1.000000
9 8 10 1.000000
9 10 8 1.000000
9 8 19 1.000000
9 19 8 1.000000
9 8 128 1.154701
9 128 8 1.154701
9 10 19 1.000000
9 19 10 1.000000
9 10 128 1.000000
9 128 10 1.000000
9 19 128 1.000000
9 128 19 1.000000
10 9 21 1.000000
10 21 9 1.000000
11 2 12 1.000000
11 12 2 1.000000
11 2 56 1.000000
11 56 2 1.000000
11 12 56 1.000000
11 56 12 1.000000
12 11 13 1.000000
12 13 11 1.000000
13 12 14 1.000000
13 14 12 1.000000
14 13 15 1.000000
14 15 13 1.000000
15 14 16 1.000000
15 16 14 1.000000
16 15 17 1.000000
16 17 15 1.000000
17 16 18 1.000000
17 18 16 1.000000
18 17 19 1.000000
18 19 17 1.000000
18 17 107 1.000000
18 107 17 1.000000
18 8 17 1.000000
18 17 8 1.000000
18 8 19 1.000000
18 19 8 1.000000
18 8 107 1.000000
18 107 8 1.000000
18 19 107 1.000000
18 107 19 1.000000
19 9 18 1.000000
19 18 9 1.000000
19 9 108 1.000000
19 108 9 1.000000
19 9 20 1.000000
19 20 9 1.000000
19 18 108 1.000000
19 108 18 1.000000
19 18 20 1.000000
19 20 18 1.000000
19 20 108 1.000000
19 108 20 1.000000
20 19 26 1.000000
20 26 19 1.000000
21 10 22 1.000000
21 22 10 1.000000
22 21 23 1.000000
22 23 21 1.000000
23 22 24 1.000000
23 24 22 1.000000
24 23 25 1.000000
24 25 23 1.000000
25 24 33 1.000000
25 33 24 1.000000
26 20 27 1.000000
26 27 20 1.000000
27 26 28 1.000000
27 28 26 1.000000
28 27 29 1.000000
28 29 27 1.000000
29 28 30 1.000000
29 30 28 1.000000
30 29 39 1.000000
30 39 29 1.000000
31 36 94 1.000000
31 94 36 1.000000
31 36 77 1.000000
31 77 36 1.000000
31 32 36 1.000000
31 36 32 1.000000
31 32 94 1.000000
31 94 32 1.000000
31 32 77 1.000000
31 77 32 1.000000
31 77 94 1.000000
31 94 77 1.000000
32 31 38 1.000000
32 38 31 1.000000
32 31 79 1.000000
32 79 31 1.000000
32 31 95 1.000000
32 95 31 1.000000
32 38 79 1.000000
32 79 38 1.000000
32 38 95 1.000000
32 95 38 1.000000
32 79 95 1.000000
32 95 79 1.000000
33 25 69 1.000000
33 69 25 1.000000
34 35 96 1.000000
34 96 35 1.000000
34 35 40 1.000000
34 40 35 1.000000
34 35 79 1.000000
34 79 35 1.000000
34 40 96 1.000000
34 96 40 1.000000
34 40 79 1.000000
34 79 40 1.000000
34 79 96 1.000000
34 96 79 1.000000
35 34 41 1.000000
35 41 34 1.000000
35 34 81 1.000000
35 81 34 1.000000
35 34 97 1.000000
35 97 34 1.000000
35 41 81 1.000000
35 81 41 1.000000
35 41 97 1.000000
35 97 41 1.000000
35 81 97 1.189773
35 97 81 1.189773
36 31 78 1.000000
36 78 31 1.000000
36 31 37 1.000000
36 37 31 1.000000
36 31 38 1.000000
36 38 31 1.000000
36 37 78 1.000000
36 78 37 1.000000
36 37 38 1.000000
36 38 37 1.000000
36 38 78 1.000000
36 78 38 1.000000
37 36 45 1.000000
37 45 36 1.000000
38 32 43 1.000000
38 43 32 1.000000
38 32 36 1.000000
38 36 32 1.000000
38 32 80 1.000000
38 80 32 1.000000
38 43 80 1.000000
38 80 43 1.000000
38 36 43 1.000000
38 43 36 1.000000
38 36 80 1.000000
38 80 36 1.000000
39 30 70 1.000000
39 70 30 1.000000
40 41 80 1.000000
40 80 41 1.000000
40 41 53 1.000000
40 53 41 1.000000
40 34 41 1.000000
40 41 34 1.000000
40 34 80 1.000000
40 80 34 1.000000
40 34 53 1.000000
40 53 34 1.000000
40 53 80 1.000000
40 80 53 1.000000
41 35 40 1.000000
41 40 35 1.000000
41 35 42 1.000000
41 42 35 1.000000
41 35 87 1.189773
41 87 35 1.189773
41 40 42 1.000000
41 42 40 1.000000
41 40 87 1.000000
41 87 40 1.000000
41 42 87 1.000000
41 87 42 1.000000
42 41 48 1.000000
42 48 41 1.000000
43 38 44 1.000000
43 44 38 1.000000
44 43 46 1.000000
44 46 43 1.000000
44 43 51 1.000000
44 51 43 1.000000
44 43 45 1.000000
44 45 43 1.000000
44 46 51 1.000000
44 51 46 1.000000
44 45 46 1.000000
44 46 45 1.000000
44 45 51 1.000000
44 51 45 1.000000
45 37 44 1.000000
45 44 37 1.000000
45 37 52 1.000000
45 52 37 1.000000
45 44 52 1.000000
45 52 44 1.000000
46 44 47 1.000000
46 47 44 1.000000
47 46 48 1.000000
47 48 46 1.000000
47 46 53 1.000000
47 53 46 1.000000
47 46 50 1.000000
47 50 46 1.000000
47 48 53 1.000000
47 53 48 1.000000
47 48 50 1.000000
47 50 48 1.000000
47 50 53 1.000000
47 53 50 1.000000
48 42 47 1.000000
48 47 42 1.000000
48 42 49 1.000000
48 49 42 1.000000
48 42 61 1.000000
48 61 42 1.000000
48 47 49 1.000000
48 49 47 1.000000
48 47 61 1.000000
48 61 47 1.000000
48 49 61 1.000000
48 61 49 1.000000
49 48 50 1.000000
49 50 48 1.000000
49 48 99 1.000000
49 99 48 1.000000
49 48 65 1.000000
49 65 48 1.000000
49 50 99 1.000000
49 99 50 1.000000
49 50 65 1.000000
49 65 50 1.000000
49 65 99 1.000000
49 99 65 1.000000
50 49 64 1.000000
50 64 49 1.000000
50 49 98 1.000000
50 98 49 1.000000
50 47 49 1.000000
50 49 47 1.000000
50 47 64 1.000000
50 64 47 1.000000
50 47 98 1.000000
50 98 47 1.000000
50 64 98 1.000000
50 98 64 1.000000
51 44 52 1.000000
51 52 44 1.000000
51 44 101 1.000000
51 101 44 1.000000
51 44 64 1.000000
51 64 44 1.000000
51 52 101 1.000000
51 101 52 1.000000
51 52 64 1.000000
51 64 52 1.000000
51 64 101 1.000000
51 101 64 1.000000
52 51 100 1.000000
52 100 51 1.000000
52 45 51 1.000000
52 51 45 1.000000
52 45 100 1.000000
52 100 45 1.000000
53 40 47 1.000000
53 47 40 1.000000
55 57 106 1.000000
55 106 57 1.000000
56 11 58 1.000000
56 58 11 1.000000
57 55 59 1.000000
57 59 55 1.000000
58 56 60 1.000000
58 60 56 1.000000
61 48 62 1.000000
61 62 48 1.000000
62 61 63 1.000000
62 63 61 1.000000
63 54 62 1.000000
63 62 54 1.000000
64 50 51 1.000000
64 51 50 1.000000
65 49 66 1.000000
65 66 49 1.000000
66 65 67 1.000000
66 67 65 1.000000
67 66 68 1.000000
67 68 66 1.000000
69 33 71 1.000000
69 71 33 1.000000
70 39 72 1.000000
70 72 39 1.000000
71 69 73 1.000000
71 73 69 1.000000
72 70 74 1.000000
72 74 70 1.000000
73 71 75 1.000000
73 75 71 1.000000
74 72 76 1.000000
74 76 72 1.000000
75 73 77 1.000000
75 77 73 1.000000
76 74 78 1.000000
76 78 74 1.000000
77 31 75 1.000000
77 75 31 1.000000
78 36 76 1.000000
78 76 36 1.000000
79 32 34 1.000000
79 34 32 1.000000
80 38 40 1.000000
80 40 38 1.000000
81 35 82 1.000000
81 82 35 1.000000
82 81 83 1.000000
82 83 81 1.000000
83 82 84 1.000000
83 84 82 1.000000
84 83 85 1.000000
84 85 83 1.000000
85 84 86 1.000000
85 86 84 1.000000
87 41 88 1.000000
87 88 41 1.000000
88 87 89 1.000000
88 89 87 1.000000
89 88 90 1.000000
89 90 88 1.000000
90 89 91 1.000000
90 91 89 1.000000
91 90 92 1.000000
91 92 90 1.000000
92 91 93 1.000000
92 93 91 1.000000
102 104 114 1.000000
102 114 104 1.000000
102 104 115 1.000000
102 115 104 1.000000
102 114 115 1.154701
102 115 114 1.154701
102 103 104 1.154701
102 104 103 1.154701
102 103 114 1.000000
102 114 103 1.000000
102 103 115 1.000000
102 115 103 1.000000
103 102 105 1.000000
103 105 102 1.000000
103 102 135 1.000000
103 135 102 1.000000
103 102 127 1.154701
103 127 102 1.154701
103 105 135 1.154701
103 135 105 1.154701
103 105 127 1.000000
103 127 105 1.000000
103 127 135 1.000000
103 135 127 1.000000
104 102 134 1.154701
104 134 102 1.154701
104 102 105 1.000000
104 105 102 1.000000
104 105 134 1.000000
104 134 105 1.000000
105 103 104 1.154701
105 104 103 1.154701
105 103 136 1.000000
105 136 103 1.000000
105 104 136 1.000000
105 136 104 1.000000
106 1 55 1.000000
106 55 1 1.000000
109 2 110 1.000000
109 110 2 1.000000
110 109 111 1.000000
110 111 109 1.000000
111 110 112 1.000000
111 112 110 1.000000
112 111 113 1.000000
112 113 111 1.000000
113 112 114 1.000000
113 114 112 1.000000
114 102 113 1.000000
114 113 102 1.000000
115 102 116 1.000000
115 116 102 1.000000
116 115 120 1.000000
116 120 115 1.000000
117 8 118 1.000000
117 118 8 1.000000
118 117 119 1.000000
118 119 117 1.000000
119 118 120 1.000000
119 120 118 1.000000
120 116 119 1.000000
120 119 116 1.000000
121 1 122 1.000000
121 122 1 1.000000
122 121 123 1.000000
122 123 121 1.000000
123 122 124 1.000000
123 124 122 1.000000
124 123 125 1.000000
124 125 123 1.000000
125 124 126 1.000000
125 126 124 1.000000
126 125 127 1.000000
126 127 125 1.000000
127 103 126 1.000000
127 126 103 1.000000
128 9 129 1.000000
128 129 9 1.000000
129 128 130 1.000000
129 130 128 1.000000
130 129 131 1.000000
130 131 129 1.000000
131 130 132 1.000000
131 132 130 1.000000
132 131 133 1.000000
132 133 131 1.000000
133 132 134 1.000000
133 134 132 1.000000
134 104 133 1.000000
134 133 104 1.000000
;
param D:=0.5;
param t_hat_ear:=
35 150 26.0
35 97 27.0
35 35 28.0
35 41 29.0
35 40 30.0
35 80 31.0
35 38 32.0
35 36 33.0
35 78 34.0
35 76 35.0
35 74 36.0
35 72 37.0
35 70 38.0
35 39 39.0
35 30 40.0
35 29 41.0
35 28 42.0
35 27 43.0
35 26 44.0
35 20 45.0
35 19 46.0
35 108 47.0
35 145 48.0
40 148 39.0
40 95 40.0
40 32 41.0
40 38 42.0
40 43 43.0
40 44 44.0
40 46 45.0
40 47 46.0
40 48 47.0
40 49 48.0
40 99 49.0
40 153 50.0
54 146 29.0
54 107 30.0
54 18 31.0
54 8 32.0
54 9 33.0
54 10 34.0
54 21 35.0
54 22 36.0
54 23 37.0
54 24 38.0
54 25 39.0
54 33 40.0
54 69 41.0
54 71 42.0
54 73 43.0
54 75 44.0
54 77 45.0
54 31 46.0
54 94 47.0
54 147 48.0
56 144 37.0
56 68 38.0
56 67 39.0
56 66 40.0
56 65 41.0
56 49 42.0
56 50 43.0
56 47 44.0
56 53 45.0
56 40 46.0
56 34 47.0
56 96 48.0
56 149 49.0
60 152 48.0
60 100 49.0
60 52 50.0
60 45 51.0
60 44 52.0
60 46 53.0
60 47 54.0
60 53 55.0
60 40 56.0
60 34 57.0
60 35 58.0
60 81 59.0
60 82 60.0
60 83 61.0
60 84 62.0
60 85 63.0
60 86 64.0
60 139 65.0
62 146 38.0
62 107 39.0
62 18 40.0
62 17 41.0
62 16 42.0
62 15 43.0
62 14 44.0
62 13 45.0
62 12 46.0
62 11 47.0
62 56 48.0
62 58 49.0
62 60 50.0
62 141 51.0
63 144 35.0
63 68 36.0
63 67 37.0
63 66 38.0
63 65 39.0
63 49 40.0
63 50 41.0
63 47 42.0
63 53 43.0
63 40 44.0
63 34 45.0
63 96 46.0
63 149 47.0
64 154 49.0
64 98 50.0
64 50 51.0
64 47 52.0
64 48 53.0
64 61 54.0
64 62 55.0
64 63 56.0
64 54 57.0
64 143 58.0
66 138 37.0
66 136 38.0
66 105 39.0
66 104 40.0
66 102 41.0
66 114 42.0
66 113 43.0
66 112 44.0
66 111 45.0
66 110 46.0
66 109 47.0
66 2 48.0
66 11 49.0
66 56 50.0
66 58 51.0
66 60 52.0
66 141 53.0
67 146 36.0
67 107 37.0
67 18 38.0
67 8 39.0
67 117 40.0
67 118 41.0
67 119 42.0
67 120 43.0
67 116 44.0
67 115 45.0
67 102 46.0
67 103 47.0
67 135 48.0
67 137 49.0
69 144 49.0
69 68 50.0
69 67 51.0
69 66 52.0
69 65 53.0
69 49 54.0
69 50 55.0
69 47 56.0
69 53 57.0
69 40 58.0
69 34 59.0
69 96 60.0
69 149 61.0
70 154 47.0
70 98 48.0
70 50 49.0
70 47 50.0
70 53 51.0
70 40 52.0
70 34 53.0
70 96 54.0
70 149 55.0
71 140 39.0
71 93 40.0
71 92 41.0
71 91 42.0
71 90 43.0
71 89 44.0
71 88 45.0
71 87 46.0
71 41 47.0
71 40 48.0
71 34 49.0
71 96 50.0
71 149 51.0
72 150 38.0
72 97 39.0
72 35 40.0
72 41 41.0
72 42 42.0
72 48 43.0
72 61 44.0
72 62 45.0
72 63 46.0
72 54 47.0
72 143 48.0
73 154 46.1
73 98 46.0
73 50 47.0
73 47 48.0
73 53 49.0
73 40 50.0
73 80 51.0
73 38 52.0
73 36 53.0
73 78 54.0
73 76 55.0
73 74 56.0
73 72 57.0
73 70 58.0
73 39 59.0
73 30 60.0
73 29 61.0
73 28 62.0
73 27 63.0
73 26 64.0
73 20 65.0
73 19 66.0
73 108 67.0
73 145 68.0
76 140 45.0
76 93 46.0
76 92 47.0
76 91 48.0
76 90 49.0
76 89 50.0
76 88 51.0
76 87 52.0
76 41 53.0
76 40 54.0
76 80 55.0
76 38 56.0
76 43 57.0
76 44 58.0
76 51 59.0
76 101 60.0
76 151 61.0
78 140 35.0
78 93 36.0
78 92 37.0
78 91 38.0
78 90 39.0
78 89 40.0
78 88 41.0
78 87 42.0
78 41 43.0
78 42 44.0
78 48 45.0
78 49 46.0
78 99 47.0
78 153 48.0
79 142 32.0
79 59 33.0
79 57 34.0
79 55 35.0
79 106 36.0
79 1 37.0
79 121 38.0
79 122 39.0
79 123 40.0
79 124 41.0
79 125 42.0
79 126 43.0
79 127 44.0
79 103 45.0
79 135 46.0
79 137 47.0
80 138 45.0
80 136 46.0
80 105 47.0
80 104 48.0
80 102 49.0
80 114 50.0
80 113 51.0
80 112 52.0
80 111 53.0
80 110 54.0
80 109 55.0
80 2 56.0
80 11 57.0
80 56 58.0
80 58 59.0
80 60 60.0
80 141 61.0
81 138 47.0
81 136 48.0
81 105 49.0
81 104 50.0
81 134 51.0
81 133 52.0
81 132 53.0
81 131 54.0
81 130 55.0
81 129 56.0
81 128 57.0
81 9 58.0
81 19 59.0
81 108 60.0
81 145 61.0
82 146 46.0
82 107 47.0
82 18 48.0
82 8 49.0
82 117 50.0
82 118 51.0
82 119 52.0
82 120 53.0
82 116 54.0
82 115 55.0
82 102 56.0
82 103 57.0
82 135 58.0
82 137 59.0
84 148 47.0
84 95 48.0
84 32 49.0
84 79 50.0
84 34 51.0
84 35 52.0
84 81 53.0
84 82 54.0
84 83 55.0
84 84 56.0
84 85 57.0
84 86 58.0
84 139 59.0
86 146 48.0
86 107 49.0
86 18 50.0
86 8 51.0
86 9 52.0
86 10 53.0
86 21 54.0
86 22 55.0
86 23 56.0
86 24 57.0
86 25 58.0
86 33 59.0
86 69 60.0
86 71 61.0
86 73 62.0
86 75 63.0
86 77 64.0
86 31 65.0
86 32 66.0
86 79 67.0
86 34 68.0
86 96 69.0
86 149 70.0
87 142 40.0
87 59 41.0
87 57 42.0
87 55 43.0
87 106 44.0
87 1 45.0
87 121 46.0
87 122 47.0
87 123 48.0
87 124 49.0
87 125 50.0
87 126 51.0
87 127 52.0
87 103 53.0
87 135 54.0
87 137 55.0
90 138 49.0
90 136 50.0
90 105 51.0
90 104 52.0
90 102 53.0
90 114 54.0
90 113 55.0
90 112 56.0
90 111 57.0
90 110 58.0
90 109 59.0
90 2 60.0
90 11 61.0
90 56 62.0
90 58 63.0
90 60 64.0
90 141 65.0
91 144 47.0
91 68 48.0
91 67 49.0
91 66 50.0
91 65 51.0
91 49 52.0
91 99 53.0
91 153 54.0
94 146 42.0
94 107 43.0
94 18 44.0
94 17 45.0
94 16 46.0
94 15 47.0
94 14 48.0
94 13 49.0
94 12 50.0
94 11 51.0
94 56 52.0
94 58 53.0
94 60 54.0
94 141 55.0
96 144 45.0
96 68 46.0
96 67 47.13
96 66 48.0
96 65 49.0
96 49 50.0
96 99 51.0
96 153 52.0
97 146 44.0
97 107 45.0
97 18 46.0
97 17 47.0
97 16 48.0
97 15 49.0
97 14 50.0
97 13 51.0
97 12 52.0
97 11 53.0
97 56 54.0
97 58 55.0
97 60 56.0
97 141 57.0
99 138 43.0
99 136 44.0
99 105 45.0
99 104 46.0
99 134 47.0
99 133 48.0
99 132 49.0
99 131 50.0
99 130 51.0
99 129 52.0
99 128 53.0
99 9 54.0
99 19 55.0
99 108 56.0
99 145 57.0
;
param t_hat_lat:=
35 150 27.0
35 97 28.0
35 35 29.0
35 41 30.0
35 40 31.0
35 80 32.0
35 38 33.0
35 36 34.0
35 78 35.0
35 76 36.0
35 74 37.0
35 72 38.0
35 70 39.0
35 39 40.0
35 30 41.0
35 29 42.0
35 28 43.0
35 27 44.0
35 26 45.0
35 20 46.0
35 19 47.0
35 108 48.0
35 145 49.0
40 148 40.0
40 95 41.0
40 32 42.0
40 38 43.0
40 43 44.0
40 44 45.0
40 46 46.0
40 47 47.0
40 48 48.0
40 49 49.0
40 99 50.0
40 153 51.0
54 146 30.0
54 107 31.0
54 18 32.0
54 8 33.0
54 9 34.0
54 10 35.0
54 21 36.0
54 22 37.0
54 23 38.0
54 24 39.0
54 25 40.0
54 33 41.0
54 69 42.0
54 71 43.0
54 73 44.0
54 75 45.0
54 77 46.0
54 31 47.0
54 94 48.0
54 147 49.0
56 144 38.0
56 68 39.0
56 67 40.0
56 66 41.0
56 65 42.0
56 49 43.0
56 50 44.0
56 47 45.0
56 53 46.0
56 40 47.0
56 34 48.0
56 96 49.0
56 149 50.0
60 152 49.0
60 100 50.0
60 52 51.0
60 45 52.0
60 44 53.0
60 46 54.0
60 47 55.0
60 53 56.0
60 40 57.0
60 34 58.0
60 35 59.0
60 81 60.0
60 82 61.0
60 83 62.0
60 84 63.0
60 85 64.0
60 86 65.0
60 139 66.0
62 146 39.0
62 107 40.0
62 18 41.0
62 17 42.0
62 16 43.0
62 15 44.0
62 14 45.0
62 13 46.0
62 12 47.0
62 11 48.0
62 56 49.0
62 58 50.0
62 60 51.0
62 141 52.0
63 144 36.0
63 68 37.0
63 67 38.0
63 66 39.0
63 65 40.0
63 49 41.0
63 50 42.0
63 47 43.0
63 53 44.0
63 40 45.0
63 34 46.0
63 96 47.0
63 149 48.0
64 154 50.0
64 98 51.0
64 50 52.0
64 47 53.0
64 48 54.0
64 61 55.0
64 62 56.0
64 63 57.0
64 54 58.0
64 143 59.0
66 138 38.0
66 136 39.0
66 105 40.0
66 104 41.0
66 102 42.0
66 114 43.0
66 113 44.0
66 112 45.0
66 111 46.0
66 110 47.0
66 109 48.0
66 2 49.0
66 11 50.0
66 56 51.0
66 58 52.0
66 60 53.0
66 141 54.0
67 146 37.0
67 107 38.0
67 18 39.0
67 8 40.0
67 117 41.0
67 118 42.0
67 119 43.0
67 120 44.0
67 116 45.0
67 115 46.0
67 102 47.0
67 103 48.0
67 135 49.0
67 137 50.0
69 144 50.0
69 68 51.0
69 67 52.0
69 66 53.0
69 65 54.0
69 49 55.0
69 50 56.0
69 47 57.0
69 53 58.0
69 40 59.0
69 34 60.0
69 96 61.0
69 149 62.0
70 154 48.0
70 98 49.0
70 50 50.0
70 47 51.0
70 53 52.0
70 40 53.0
70 34 54.0
70 96 55.0
70 149 56.0
71 140 40.0
71 93 41.0
71 92 42.0
71 91 43.0
71 90 44.0
71 89 45.0
71 88 46.0
71 87 47.0
71 41 48.0
71 40 49.0
71 34 50.0
71 96 51.0
71 149 52.0
72 150 39.0
72 97 40.0
72 35 41.0
72 41 42.0
72 42 43.0
72 48 44.0
72 61 45.0
72 62 46.0
72 63 47.0
72 54 48.0
72 143 49.0
73 154 47.099999999999994
73 98 47.0
73 50 48.0
73 47 49.0
73 53 50.0
73 40 51.0
73 80 52.0
73 38 53.0
73 36 54.0
73 78 55.0
73 76 56.0
73 74 57.0
73 72 58.0
73 70 59.0
73 39 60.0
73 30 61.0
73 29 62.0
73 28 63.0
73 27 64.0
73 26 65.0
73 20 66.0
73 19 67.0
73 108 68.0
73 145 69.0
76 140 46.0
76 93 47.0
76 92 48.0
76 91 49.0
76 90 50.0
76 89 51.0
76 88 52.0
76 87 53.0
76 41 54.0
76 40 55.0
76 80 56.0
76 38 57.0
76 43 58.0
76 44 59.0
76 51 60.0
76 101 61.0
76 151 62.0
78 140 36.0
78 93 37.0
78 92 38.0
78 91 39.0
78 90 40.0
78 89 41.0
78 88 42.0
78 87 43.0
78 41 44.0
78 42 45.0
78 48 46.0
78 49 47.0
78 99 48.0
78 153 49.0
79 142 33.0
79 59 34.0
79 57 35.0
79 55 36.0
79 106 37.0
79 1 38.0
79 121 39.0
79 122 40.0
79 123 41.0
79 124 42.0
79 125 43.0
79 126 44.0
79 127 45.0
79 103 46.0
79 135 47.0
79 137 48.0
80 138 46.0
80 136 47.0
80 105 48.0
80 104 49.0
80 102 50.0
80 114 51.0
80 113 52.0
80 112 53.0
80 111 54.0
80 110 55.0
80 109 56.0
80 2 57.0
80 11 58.0
80 56 59.0
80 58 60.0
80 60 61.0
80 141 62.0
81 138 48.0
81 136 49.0
81 105 50.0
81 104 51.0
81 134 52.0
81 133 53.0
81 132 54.0
81 131 55.0
81 130 56.0
81 129 57.0
81 128 58.0
81 9 59.0
81 19 60.0
81 108 61.0
81 145 62.0
82 146 47.0
82 107 48.0
82 18 49.0
82 8 50.0
82 117 51.0
82 118 52.0
82 119 53.0
82 120 54.0
82 116 55.0
82 115 56.0
82 102 57.0
82 103 58.0
82 135 59.0
82 137 60.0
84 148 48.0
84 95 49.0
84 32 50.0
84 79 51.0
84 34 52.0
84 35 53.0
84 81 54.0
84 82 55.0
84 83 56.0
84 84 57.0
84 85 58.0
84 86 59.0
84 139 60.0
86 146 49.0
86 107 50.0
86 18 51.0
86 8 52.0
86 9 53.0
86 10 54.0
86 21 55.0
86 22 56.0
86 23 57.0
86 24 58.0
86 25 59.0
86 33 60.0
86 69 61.0
86 71 62.0
86 73 63.0
86 75 64.0
86 77 65.0
86 31 66.0
86 32 67.0
86 79 68.0
86 34 69.0
86 96 70.0
86 149 71.0
87 142 41.0
87 59 42.0
87 57 43.0
87 55 44.0
87 106 45.0
87 1 46.0
87 121 47.0
87 122 48.0
87 123 49.0
87 124 50.0
87 125 51.0
87 126 52.0
87 127 53.0
87 103 54.0
87 135 55.0
87 137 56.0
90 138 50.0
90 136 51.0
90 105 52.0
90 104 53.0
90 102 54.0
90 114 55.0
90 113 56.0
90 112 57.0
90 111 58.0
90 110 59.0
90 109 60.0
90 2 61.0
90 11 62.0
90 56 63.0
90 58 64.0
90 60 65.0
90 141 66.0
91 144 48.0
91 68 49.0
91 67 50.0
91 66 51.0
91 65 52.0
91 49 53.0
91 99 54.0
91 153 55.0
94 146 43.0
94 107 44.0
94 18 45.0
94 17 46.0
94 16 47.0
94 15 48.0
94 14 49.0
94 13 50.0
94 12 51.0
94 11 52.0
94 56 53.0
94 58 54.0
94 60 55.0
94 141 56.0
96 144 46.0
96 68 47.0
96 67 48.13
96 66 49.0
96 65 50.0
96 49 51.0
96 99 52.0
96 153 53.0
97 146 45.0
97 107 46.0
97 18 47.0
97 17 48.0
97 16 49.0
97 15 50.0
97 14 51.0
97 13 52.0
97 12 53.0
97 11 54.0
97 56 55.0
97 58 56.0
97 60 57.0
97 141 58.0
99 138 44.0
99 136 45.0
99 105 46.0
99 104 47.0
99 134 48.0
99 133 49.0
99 132 50.0
99 131 51.0
99 130 52.0
99 129 53.0
99 128 54.0
99 9 55.0
99 19 56.0
99 108 57.0
99 145 58.0
;
param drifted_flight:= 96;
param drifted_wp:= 67;
set fixedFlights :=
35 150 97
35 97 35
35 35 41
35 41 40
35 40 80
35 80 38
35 38 36
35 36 78
35 78 76
35 76 74
35 74 72
35 72 70
35 70 39
35 39 30
35 30 29
35 29 28
35 28 27
35 27 26
35 26 20
35 20 19
35 19 108
35 108 145
40 148 95
40 95 32
40 32 38
40 38 43
40 43 44
40 44 46
40 46 47
40 47 48
40 48 49
40 49 99
40 99 153
54 146 107
54 107 18
54 18 8
54 8 9
54 9 10
54 10 21
54 21 22
54 22 23
54 23 24
54 24 25
54 25 33
54 33 69
54 69 71
54 71 73
54 73 75
54 75 77
54 77 31
54 31 94
54 94 147
56 144 68
56 68 67
56 67 66
56 66 65
56 65 49
56 49 50
56 50 47
56 47 53
56 53 40
56 40 34
56 34 96
56 96 149
60 152 100
60 100 52
60 52 45
60 45 44
60 44 46
60 46 47
60 47 53
60 53 40
60 40 34
60 34 35
60 35 81
60 81 82
60 82 83
60 83 84
60 84 85
60 85 86
60 86 139
62 146 107
62 107 18
62 18 17
62 17 16
62 16 15
62 15 14
62 14 13
62 13 12
62 12 11
62 11 56
62 56 58
62 58 60
62 60 141
63 144 68
63 68 67
63 67 66
63 66 65
63 65 49
63 49 50
63 50 47
63 47 53
63 53 40
63 40 34
63 34 96
63 96 149
64 154 98
64 98 50
64 50 47
64 47 48
64 48 61
64 61 62
64 62 63
64 63 54
64 54 143
66 138 136
66 136 105
66 105 104
66 104 102
66 102 114
66 114 113
66 113 112
66 112 111
66 111 110
66 110 109
66 109 2
66 2 11
66 11 56
66 56 58
66 58 60
66 60 141
67 146 107
67 107 18
67 18 8
67 8 117
67 117 118
67 118 119
67 119 120
67 120 116
67 116 115
67 115 102
67 102 103
67 103 135
67 135 137
69 144 68
69 68 67
69 67 66
69 66 65
69 65 49
69 49 50
69 50 47
69 47 53
69 53 40
69 40 34
69 34 96
69 96 149
70 154 98
70 98 50
70 50 47
70 47 53
70 53 40
70 40 34
70 34 96
70 96 149
71 140 93
71 93 92
71 92 91
71 91 90
71 90 89
71 89 88
71 88 87
71 87 41
71 41 40
71 40 34
71 34 96
71 96 149
72 150 97
72 97 35
72 35 41
72 41 42
72 42 48
72 48 61
72 61 62
72 62 63
72 63 54
72 54 143
76 140 93
76 93 92
76 92 91
76 91 90
76 90 89
76 89 88
76 88 87
76 87 41
76 41 40
76 40 80
76 80 38
76 38 43
76 43 44
76 44 51
76 51 101
76 101 151
78 140 93
78 93 92
78 92 91
78 91 90
78 90 89
78 89 88
78 88 87
78 87 41
78 41 42
78 42 48
78 48 49
78 49 99
78 99 153
79 142 59
79 59 57
79 57 55
79 55 106
79 106 1
79 1 121
79 121 122
79 122 123
79 123 124
79 124 125
79 125 126
79 126 127
79 127 103
79 103 135
79 135 137
80 138 136
80 136 105
80 105 104
80 104 102
80 102 114
80 114 113
80 113 112
80 112 111
80 111 110
80 110 109
80 109 2
80 2 11
80 11 56
80 56 58
80 58 60
80 60 141
81 138 136
81 136 105
81 105 104
81 104 134
81 134 133
81 133 132
81 132 131
81 131 130
81 130 129
81 129 128
81 128 9
81 9 19
81 19 108
81 108 145
82 146 107
82 107 18
82 18 8
82 8 117
82 117 118
82 118 119
82 119 120
82 120 116
82 116 115
82 115 102
82 102 103
82 103 135
82 135 137
84 148 95
84 95 32
84 32 79
84 79 34
84 34 35
84 35 81
84 81 82
84 82 83
84 83 84
84 84 85
84 85 86
84 86 139
86 146 107
86 107 18
86 18 8
86 8 9
86 9 10
86 10 21
86 21 22
86 22 23
86 23 24
86 24 25
86 25 33
86 33 69
86 69 71
86 71 73
86 73 75
86 75 77
86 77 31
86 31 32
86 32 79
86 79 34
86 34 96
86 96 149
87 142 59
87 59 57
87 57 55
87 55 106
87 106 1
87 1 121
87 121 122
87 122 123
87 123 124
87 124 125
87 125 126
87 126 127
87 127 103
87 103 135
87 135 137
90 138 136
90 136 105
90 105 104
90 104 102
90 102 114
90 114 113
90 113 112
90 112 111
90 111 110
90 110 109
90 109 2
90 2 11
90 11 56
90 56 58
90 58 60
90 60 141
91 144 68
91 68 67
91 67 66
91 66 65
91 65 49
91 49 99
91 99 153
94 146 107
94 107 18
94 18 17
94 17 16
94 16 15
94 15 14
94 14 13
94 13 12
94 12 11
94 11 56
94 56 58
94 58 60
94 60 141
96 144 68
96 68 67
96 67 66
96 66 65
96 65 49
96 49 99
96 99 153
97 146 107
97 107 18
97 18 17
97 17 16
97 16 15
97 15 14
97 14 13
97 13 12
97 12 11
97 11 56
97 56 58
97 58 60
97 60 141
99 138 136
99 136 105
99 105 104
99 104 134
99 134 133
99 133 132
99 132 131
99 131 130
99 130 129
99 129 128
99 128 9
99 9 19
99 19 108
99 108 145
;
set inFlight:=
35
40
54
56
62
63
66
67
71
72
76
78
79
80
82
87
94
96
97
99
;
param tini := 46.1;
