param nn:= 155;
set F:=
42
50
52
57
61
62
65
66
67
68
69
71
72
74
76
77
79
80
82
84
87
88
89
90
91
92
93
94
95
96
97
99
;
param: E: d:=
2 3 2.500000
3 4 2.500000
4 5 2.500000
5 6 2.500000
6 7 2.500000
7 0 2.500000
0 8 2.500000
9 10 2.500000
8 9 2.500000
12 11 2.500000
13 12 2.500000
14 13 2.500000
15 14 2.500000
16 15 2.500000
17 16 2.500000
18 17 2.500000
19 18 2.500000
20 19 2.500000
10 21 2.500000
21 22 2.500000
22 23 2.500000
23 24 2.500000
24 25 2.500000
26 20 2.500000
27 26 2.500000
28 27 2.500000
29 28 2.500000
30 29 2.500000
34 35 2.500000
36 31 2.500000
37 36 2.500000
41 40 2.500000
35 41 2.500000
41 42 2.500000
32 38 2.500000
38 43 2.500000
43 44 2.500000
45 37 2.500000
31 32 2.500000
45 44 2.500000
44 46 2.500000
46 47 2.500000
47 48 2.500000
42 48 2.500000
49 50 2.500000
51 52 2.500000
52 45 2.500000
44 51 2.500000
48 49 2.500000
50 47 2.500000
47 53 2.500000
53 40 2.500000
40 34 2.500000
54 143 1.500000
57 55 2.500000
56 58 2.500000
59 57 2.500000
58 60 2.500000
60 141 1.500000
142 59 1.500000
48 61 2.500000
61 62 2.500000
62 63 2.500000
66 65 2.500000
67 66 2.500000
68 67 2.500000
144 68 1.500000
2 1 2.500000
64 51 2.500000
63 54 2.500000
65 49 2.500000
50 64 2.500000
25 33 2.500000
33 69 2.500000
69 71 2.500000
71 73 2.500000
73 75 2.500000
75 77 2.500000
77 31 2.500000
40 80 2.500000
80 38 2.500000
38 36 2.500000
36 78 2.500000
78 76 2.500000
76 74 2.500000
74 72 2.500000
72 70 2.500000
70 39 2.500000
39 30 2.500000
32 79 2.500000
79 34 2.500000
148 95 1.500000
94 147 1.500000
152 100 1.500000
101 151 1.500000
154 98 1.500000
99 153 1.500000
96 149 1.500000
150 97 1.500000
97 35 2.500000
95 32 2.500000
31 94 2.500000
34 96 2.500000
51 101 2.500000
100 52 2.500000
98 50 2.500000
49 99 2.500000
35 81 2.500000
81 82 2.500000
82 83 2.500000
83 84 2.500000
84 85 2.500000
85 86 2.500000
93 92 2.500000
92 91 2.500000
91 90 2.500000
90 89 2.500000
89 88 2.500000
88 87 2.500000
87 41 2.500000
86 139 1.500000
140 93 1.500000
108 145 1.500000
146 107 1.500000
11 56 2.500000
2 11 2.500000
107 18 2.500000
18 8 2.500000
9 19 2.500000
19 108 2.500000
55 106 2.500000
106 1 2.500000
1 121 2.500000
121 122 2.500000
109 2 2.500000
110 109 2.500000
104 102 2.500000
102 114 2.500000
115 102 2.500000
102 103 2.500000
105 104 2.500000
104 134 2.500000
134 133 2.500000
103 105 2.500000
116 115 2.500000
8 117 2.500000
117 118 2.500000
118 119 2.500000
119 120 2.500000
120 116 2.500000
133 132 2.500000
132 131 2.500000
131 130 2.500000
130 129 2.500000
129 128 2.500000
128 9 2.500000
122 123 2.500000
123 124 2.500000
124 125 2.500000
125 126 2.500000
126 127 2.500000
127 103 2.500000
114 113 2.500000
113 112 2.500000
112 111 2.500000
111 110 2.500000
103 135 2.500000
135 137 1.500000
138 136 1.500000
136 105 2.500000
;
param s:=
42 148
50 144
52 152
57 148
61 148
62 144
65 152
66 138
67 154
68 142
69 138
71 152
72 144
74 146
76 148
77 154
79 138
80 138
82 144
84 146
87 146
88 144
89 150
90 146
91 150
92 140
93 148
94 138
95 148
96 146
97 138
99 138
;
param e:=
42 145
50 139
52 139
57 153
61 143
62 147
65 139
66 145
67 145
68 137
69 145
71 145
72 139
74 151
76 145
77 145
79 141
80 145
82 153
84 137
87 141
88 147
89 153
90 147
91 145
92 149
93 143
94 141
95 139
96 141
97 145
99 141
;
param v_min:=2.375
;
param v_max:=2.625 
;
param :conflictsNodes: angle:=
0 7 8 1.000000
0 8 7 1.000000
1 2 121 1.154701
1 121 2 1.154701
1 2 106 1.000000
1 106 2 1.000000
1 106 121 1.000000
1 121 106 1.000000
2 3 11 1.000000
2 11 3 1.000000
2 3 109 1.154701
2 109 3 1.154701
2 1 3 1.000000
2 3 1 1.000000
2 1 11 1.000000
2 11 1 1.000000
2 1 109 1.000000
2 109 1 1.000000
2 11 109 1.000000
2 109 11 1.000000
3 2 4 1.000000
3 4 2 1.000000
4 3 5 1.000000
4 5 3 1.000000
5 4 6 1.000000
5 6 4 1.000000
6 5 7 1.000000
6 7 5 1.000000
7 0 6 1.000000
7 6 0 1.000000
8 0 9 1.000000
8 9 0 1.000000
8 0 117 1.154701
8 117 0 1.154701
8 0 18 1.000000
8 18 0 1.000000
8 9 117 1.000000
8 117 9 1.000000
8 9 18 1.000000
8 18 9 1.000000
8 18 117 1.000000
8 117 18 1.000000
9 8 10 1.000000
9 10 8 1.000000
9 8 19 1.000000
9 19 8 1.000000
9 8 128 1.154701
9 128 8 1.154701
9 10 19 1.000000
9 19 10 1.000000
9 10 128 1.000000
9 128 10 1.000000
9 19 128 1.000000
9 128 19 1.000000
10 9 21 1.000000
10 21 9 1.000000
11 2 12 1.000000
11 12 2 1.000000
11 2 56 1.000000
11 56 2 1.000000
11 12 56 1.000000
11 56 12 1.000000
12 11 13 1.000000
12 13 11 1.000000
13 12 14 1.000000
13 14 12 1.000000
14 13 15 1.000000
14 15 13 1.000000
15 14 16 1.000000
15 16 14 1.000000
16 15 17 1.000000
16 17 15 1.000000
17 16 18 1.000000
17 18 16 1.000000
18 17 19 1.000000
18 19 17 1.000000
18 17 107 1.000000
18 107 17 1.000000
18 8 17 1.000000
18 17 8 1.000000
18 8 19 1.000000
18 19 8 1.000000
18 8 107 1.000000
18 107 8 1.000000
18 19 107 1.000000
18 107 19 1.000000
19 9 18 1.000000
19 18 9 1.000000
19 9 108 1.000000
19 108 9 1.000000
19 9 20 1.000000
19 20 9 1.000000
19 18 108 1.000000
19 108 18 1.000000
19 18 20 1.000000
19 20 18 1.000000
19 20 108 1.000000
19 108 20 1.000000
20 19 26 1.000000
20 26 19 1.000000
21 10 22 1.000000
21 22 10 1.000000
22 21 23 1.000000
22 23 21 1.000000
23 22 24 1.000000
23 24 22 1.000000
24 23 25 1.000000
24 25 23 1.000000
25 24 33 1.000000
25 33 24 1.000000
26 20 27 1.000000
26 27 20 1.000000
27 26 28 1.000000
27 28 26 1.000000
28 27 29 1.000000
28 29 27 1.000000
29 28 30 1.000000
29 30 28 1.000000
30 29 39 1.000000
30 39 29 1.000000
31 36 94 1.000000
31 94 36 1.000000
31 36 77 1.000000
31 77 36 1.000000
31 32 36 1.000000
31 36 32 1.000000
31 32 94 1.000000
31 94 32 1.000000
31 32 77 1.000000
31 77 32 1.000000
31 77 94 1.000000
31 94 77 1.000000
32 31 38 1.000000
32 38 31 1.000000
32 31 79 1.000000
32 79 31 1.000000
32 31 95 1.000000
32 95 31 1.000000
32 38 79 1.000000
32 79 38 1.000000
32 38 95 1.000000
32 95 38 1.000000
32 79 95 1.000000
32 95 79 1.000000
33 25 69 1.000000
33 69 25 1.000000
34 35 96 1.000000
34 96 35 1.000000
34 35 40 1.000000
34 40 35 1.000000
34 35 79 1.000000
34 79 35 1.000000
34 40 96 1.000000
34 96 40 1.000000
34 40 79 1.000000
34 79 40 1.000000
34 79 96 1.000000
34 96 79 1.000000
35 34 41 1.000000
35 41 34 1.000000
35 34 81 1.000000
35 81 34 1.000000
35 34 97 1.000000
35 97 34 1.000000
35 41 81 1.000000
35 81 41 1.000000
35 41 97 1.000000
35 97 41 1.000000
35 81 97 1.189773
35 97 81 1.189773
36 31 78 1.000000
36 78 31 1.000000
36 31 37 1.000000
36 37 31 1.000000
36 31 38 1.000000
36 38 31 1.000000
36 37 78 1.000000
36 78 37 1.000000
36 37 38 1.000000
36 38 37 1.000000
36 38 78 1.000000
36 78 38 1.000000
37 36 45 1.000000
37 45 36 1.000000
38 32 43 1.000000
38 43 32 1.000000
38 32 36 1.000000
38 36 32 1.000000
38 32 80 1.000000
38 80 32 1.000000
38 43 80 1.000000
38 80 43 1.000000
38 36 43 1.000000
38 43 36 1.000000
38 36 80 1.000000
38 80 36 1.000000
39 30 70 1.000000
39 70 30 1.000000
40 41 80 1.000000
40 80 41 1.000000
40 41 53 1.000000
40 53 41 1.000000
40 34 41 1.000000
40 41 34 1.000000
40 34 80 1.000000
40 80 34 1.000000
40 34 53 1.000000
40 53 34 1.000000
40 53 80 1.000000
40 80 53 1.000000
41 35 40 1.000000
41 40 35 1.000000
41 35 42 1.000000
41 42 35 1.000000
41 35 87 1.189773
41 87 35 1.189773
41 40 42 1.000000
41 42 40 1.000000
41 40 87 1.000000
41 87 40 1.000000
41 42 87 1.000000
41 87 42 1.000000
42 41 48 1.000000
42 48 41 1.000000
43 38 44 1.000000
43 44 38 1.000000
44 43 46 1.000000
44 46 43 1.000000
44 43 51 1.000000
44 51 43 1.000000
44 43 45 1.000000
44 45 43 1.000000
44 46 51 1.000000
44 51 46 1.000000
44 45 46 1.000000
44 46 45 1.000000
44 45 51 1.000000
44 51 45 1.000000
45 37 44 1.000000
45 44 37 1.000000
45 37 52 1.000000
45 52 37 1.000000
45 44 52 1.000000
45 52 44 1.000000
46 44 47 1.000000
46 47 44 1.000000
47 46 48 1.000000
47 48 46 1.000000
47 46 53 1.000000
47 53 46 1.000000
47 46 50 1.000000
47 50 46 1.000000
47 48 53 1.000000
47 53 48 1.000000
47 48 50 1.000000
47 50 48 1.000000
47 50 53 1.000000
47 53 50 1.000000
48 42 47 1.000000
48 47 42 1.000000
48 42 49 1.000000
48 49 42 1.000000
48 42 61 1.000000
48 61 42 1.000000
48 47 49 1.000000
48 49 47 1.000000
48 47 61 1.000000
48 61 47 1.000000
48 49 61 1.000000
48 61 49 1.000000
49 48 50 1.000000
49 50 48 1.000000
49 48 99 1.000000
49 99 48 1.000000
49 48 65 1.000000
49 65 48 1.000000
49 50 99 1.000000
49 99 50 1.000000
49 50 65 1.000000
49 65 50 1.000000
49 65 99 1.000000
49 99 65 1.000000
50 49 64 1.000000
50 64 49 1.000000
50 49 98 1.000000
50 98 49 1.000000
50 47 49 1.000000
50 49 47 1.000000
50 47 64 1.000000
50 64 47 1.000000
50 47 98 1.000000
50 98 47 1.000000
50 64 98 1.000000
50 98 64 1.000000
51 44 52 1.000000
51 52 44 1.000000
51 44 101 1.000000
51 101 44 1.000000
51 44 64 1.000000
51 64 44 1.000000
51 52 101 1.000000
51 101 52 1.000000
51 52 64 1.000000
51 64 52 1.000000
51 64 101 1.000000
51 101 64 1.000000
52 51 100 1.000000
52 100 51 1.000000
52 45 51 1.000000
52 51 45 1.000000
52 45 100 1.000000
52 100 45 1.000000
53 40 47 1.000000
53 47 40 1.000000
55 57 106 1.000000
55 106 57 1.000000
56 11 58 1.000000
56 58 11 1.000000
57 55 59 1.000000
57 59 55 1.000000
58 56 60 1.000000
58 60 56 1.000000
61 48 62 1.000000
61 62 48 1.000000
62 61 63 1.000000
62 63 61 1.000000
63 54 62 1.000000
63 62 54 1.000000
64 50 51 1.000000
64 51 50 1.000000
65 49 66 1.000000
65 66 49 1.000000
66 65 67 1.000000
66 67 65 1.000000
67 66 68 1.000000
67 68 66 1.000000
69 33 71 1.000000
69 71 33 1.000000
70 39 72 1.000000
70 72 39 1.000000
71 69 73 1.000000
71 73 69 1.000000
72 70 74 1.000000
72 74 70 1.000000
73 71 75 1.000000
73 75 71 1.000000
74 72 76 1.000000
74 76 72 1.000000
75 73 77 1.000000
75 77 73 1.000000
76 74 78 1.000000
76 78 74 1.000000
77 31 75 1.000000
77 75 31 1.000000
78 36 76 1.000000
78 76 36 1.000000
79 32 34 1.000000
79 34 32 1.000000
80 38 40 1.000000
80 40 38 1.000000
81 35 82 1.000000
81 82 35 1.000000
82 81 83 1.000000
82 83 81 1.000000
83 82 84 1.000000
83 84 82 1.000000
84 83 85 1.000000
84 85 83 1.000000
85 84 86 1.000000
85 86 84 1.000000
87 41 88 1.000000
87 88 41 1.000000
88 87 89 1.000000
88 89 87 1.000000
89 88 90 1.000000
89 90 88 1.000000
90 89 91 1.000000
90 91 89 1.000000
91 90 92 1.000000
91 92 90 1.000000
92 91 93 1.000000
92 93 91 1.000000
102 104 114 1.000000
102 114 104 1.000000
102 104 115 1.000000
102 115 104 1.000000
102 114 115 1.154701
102 115 114 1.154701
102 103 104 1.154701
102 104 103 1.154701
102 103 114 1.000000
102 114 103 1.000000
102 103 115 1.000000
102 115 103 1.000000
103 102 105 1.000000
103 105 102 1.000000
103 102 135 1.000000
103 135 102 1.000000
103 102 127 1.154701
103 127 102 1.154701
103 105 135 1.154701
103 135 105 1.154701
103 105 127 1.000000
103 127 105 1.000000
103 127 135 1.000000
103 135 127 1.000000
104 102 134 1.154701
104 134 102 1.154701
104 102 105 1.000000
104 105 102 1.000000
104 105 134 1.000000
104 134 105 1.000000
105 103 104 1.154701
105 104 103 1.154701
105 103 136 1.000000
105 136 103 1.000000
105 104 136 1.000000
105 136 104 1.000000
106 1 55 1.000000
106 55 1 1.000000
109 2 110 1.000000
109 110 2 1.000000
110 109 111 1.000000
110 111 109 1.000000
111 110 112 1.000000
111 112 110 1.000000
112 111 113 1.000000
112 113 111 1.000000
113 112 114 1.000000
113 114 112 1.000000
114 102 113 1.000000
114 113 102 1.000000
115 102 116 1.000000
115 116 102 1.000000
116 115 120 1.000000
116 120 115 1.000000
117 8 118 1.000000
117 118 8 1.000000
118 117 119 1.000000
118 119 117 1.000000
119 118 120 1.000000
119 120 118 1.000000
120 116 119 1.000000
120 119 116 1.000000
121 1 122 1.000000
121 122 1 1.000000
122 121 123 1.000000
122 123 121 1.000000
123 122 124 1.000000
123 124 122 1.000000
124 123 125 1.000000
124 125 123 1.000000
125 124 126 1.000000
125 126 124 1.000000
126 125 127 1.000000
126 127 125 1.000000
127 103 126 1.000000
127 126 103 1.000000
128 9 129 1.000000
128 129 9 1.000000
129 128 130 1.000000
129 130 128 1.000000
130 129 131 1.000000
130 131 129 1.000000
131 130 132 1.000000
131 132 130 1.000000
132 131 133 1.000000
132 133 131 1.000000
133 132 134 1.000000
133 134 132 1.000000
134 104 133 1.000000
134 133 104 1.000000
;
param D:=0.5;
param t_hat_ear:=
42 148 28.0
42 95 29.0
42 32 30.0
42 38 31.0
42 36 32.0
42 78 33.0
42 76 34.0
42 74 35.0
42 72 36.0
42 70 37.0
42 39 38.0
42 30 39.0
42 29 40.0
42 28 41.0
42 27 42.0
42 26 43.0
42 20 44.0
42 19 45.0
42 108 46.0
42 145 47.0
50 144 28.0
50 68 29.0
50 67 30.0
50 66 31.0
50 65 32.0
50 49 33.0
50 50 34.0
50 47 35.0
50 53 36.0
50 40 37.0
50 34 38.0
50 35 39.0
50 81 40.0
50 82 41.0
50 83 42.0
50 84 43.0
50 85 44.0
50 86 45.0
50 139 46.0
52 152 31.0
52 100 32.0
52 52 33.0
52 45 34.0
52 44 35.0
52 46 36.0
52 47 37.0
52 53 38.0
52 40 39.0
52 34 40.0
52 35 41.0
52 81 42.0
52 82 43.0
52 83 44.0
52 84 45.0
52 85 46.0
52 86 47.0
52 139 48.0
57 148 36.0
57 95 37.0
57 32 38.0
57 38 39.0
57 43 40.0
57 44 41.0
57 46 42.0
57 47 43.0
57 48 44.0
57 49 45.0
57 99 46.0
57 153 47.0
61 148 38.0
61 95 39.0
61 32 40.0
61 38 41.0
61 43 42.0
61 44 43.0
61 46 44.0
61 47 45.0
61 48 46.0
61 61 46.78
61 62 48.0
61 63 49.0
61 54 50.0
61 143 51.0
62 144 42.0
62 68 43.0
62 67 44.0
62 66 45.0
62 65 46.0
62 49 47.0
62 50 48.0
62 47 49.0
62 53 50.0
62 40 51.0
62 80 52.0
62 38 53.0
62 36 54.0
62 31 55.0
62 94 56.0
62 147 57.0
65 152 47.0
65 100 48.0
65 52 49.0
65 45 50.0
65 44 51.0
65 46 52.0
65 47 53.0
65 53 54.0
65 40 55.0
65 34 56.0
65 35 57.0
65 81 58.0
65 82 59.0
65 83 60.0
65 84 61.0
65 85 62.0
65 86 63.0
65 139 64.0
66 138 35.0
66 136 36.0
66 105 37.0
66 104 38.0
66 134 39.0
66 133 40.0
66 132 41.0
66 131 42.0
66 130 43.0
66 129 44.0
66 128 45.0
66 9 46.0
66 19 47.0
66 108 48.0
66 145 49.0
67 154 38.0
67 98 39.0
67 50 40.0
67 47 41.0
67 53 42.0
67 40 43.0
67 80 44.0
67 38 45.0
67 36 46.0
67 78 47.0
67 76 48.0
67 74 49.0
67 72 50.0
67 70 51.0
67 39 52.0
67 30 53.0
67 29 54.0
67 28 55.0
67 27 56.0
67 26 57.0
67 20 58.0
67 19 59.0
67 108 60.0
67 145 61.0
68 142 33.0
68 59 34.0
68 57 35.0
68 55 36.0
68 106 37.0
68 1 38.0
68 121 39.0
68 122 40.0
68 123 41.0
68 124 42.0
68 125 43.0
68 126 44.0
68 127 45.0
68 103 46.0
68 135 47.0
68 137 48.0
69 138 37.0
69 136 38.0
69 105 39.0
69 104 40.0
69 134 41.0
69 133 42.0
69 132 43.0
69 131 44.0
69 130 45.0
69 129 46.0
69 128 47.0
69 9 48.0
69 19 49.0
69 108 50.0
69 145 51.0
71 152 38.0
71 100 39.0
71 52 40.0
71 45 41.0
71 37 42.0
71 36 43.0
71 78 44.0
71 76 45.0
71 74 46.0
71 72 47.0
71 70 48.0
71 39 49.0
71 30 50.0
71 29 51.0
71 28 52.0
71 27 53.0
71 26 54.0
71 20 55.0
71 19 56.0
71 108 57.0
71 145 58.0
72 144 32.0
72 68 33.0
72 67 34.0
72 66 35.0
72 65 36.0
72 49 37.0
72 50 38.0
72 47 39.0
72 53 40.0
72 40 41.0
72 34 42.0
72 35 43.0
72 81 44.0
72 82 45.0
72 83 46.0
72 84 47.0
72 85 48.0
72 86 49.0
72 139 50.0
74 146 32.0
74 107 33.0
74 18 34.0
74 8 35.0
74 9 36.0
74 10 37.0
74 21 38.0
74 22 39.0
74 23 40.0
74 24 41.0
74 25 42.0
74 33 43.0
74 69 44.0
74 71 45.0
74 73 46.0
74 75 47.0
74 77 48.0
74 31 49.0
74 32 50.0
74 38 51.0
74 43 52.0
74 44 53.0
74 51 54.0
74 101 55.0
74 151 56.0
76 148 44.0
76 95 45.0
76 32 46.0
76 38 47.0
76 36 48.0
76 78 49.0
76 76 50.0
76 74 51.0
76 72 52.0
76 70 53.0
76 39 54.0
76 30 55.0
76 29 56.0
76 28 57.0
76 27 58.0
76 26 59.0
76 20 60.0
76 19 61.0
76 108 62.0
76 145 63.0
77 154 48.0
77 98 49.0
77 50 50.0
77 47 51.0
77 53 52.0
77 40 53.0
77 80 54.0
77 38 55.0
77 36 56.0
77 78 57.0
77 76 58.0
77 74 59.0
77 72 60.0
77 70 61.0
77 39 62.0
77 30 63.0
77 29 64.0
77 28 65.0
77 27 66.0
77 26 67.0
77 20 68.0
77 19 69.0
77 108 70.0
77 145 71.0
79 138 31.0
79 136 32.0
79 105 33.0
79 104 34.0
79 102 35.0
79 114 36.0
79 113 37.0
79 112 38.0
79 111 39.0
79 110 40.0
79 109 41.0
79 2 42.0
79 11 43.0
79 56 44.0
79 58 45.0
79 60 46.0
79 141 47.0
80 138 40.0
80 136 41.0
80 105 42.0
80 104 43.0
80 134 44.0
80 133 45.0
80 132 46.0
80 131 47.0
80 130 48.0
80 129 49.0
80 128 50.0
80 9 51.0
80 19 52.0
80 108 53.0
80 145 54.0
82 144 44.0
82 68 45.0
82 67 46.0
82 66 47.0
82 65 48.0
82 49 49.0
82 99 50.0
82 153 51.0
84 146 47.0
84 107 48.0
84 18 49.0
84 8 50.0
84 117 51.0
84 118 52.0
84 119 53.0
84 120 54.0
84 116 55.0
84 115 56.0
84 102 57.0
84 103 58.0
84 135 59.0
84 137 60.0
87 146 45.0
87 107 46.0
87 18 47.0
87 17 48.0
87 16 49.0
87 15 50.0
87 14 51.0
87 13 52.0
87 12 53.0
87 11 54.0
87 56 55.0
87 58 56.0
87 60 57.0
87 141 58.0
88 144 48.0
88 68 49.0
88 67 50.0
88 66 51.0
88 65 52.0
88 49 53.0
88 50 54.0
88 47 55.0
88 53 56.0
88 40 57.0
88 80 58.0
88 38 59.0
88 36 60.0
88 31 61.0
88 94 62.0
88 147 63.0
89 150 49.0
89 97 50.0
89 35 51.0
89 41 52.0
89 42 53.0
89 48 54.0
89 49 55.0
89 99 56.0
89 153 57.0
90 146 40.0
90 107 41.0
90 18 42.0
90 8 43.0
90 9 44.0
90 10 45.0
90 21 46.0
90 22 47.0
90 23 48.0
90 24 49.0
90 25 50.0
90 33 51.0
90 69 52.0
90 71 53.0
90 73 54.0
90 75 55.0
90 77 56.0
90 31 57.0
90 94 58.0
90 147 59.0
91 150 43.0
91 97 44.0
91 35 45.0
91 41 46.0
91 40 47.0
91 80 48.0
91 38 49.0
91 36 50.0
91 78 51.0
91 76 52.0
91 74 53.0
91 72 54.0
91 70 55.0
91 39 56.0
91 30 57.0
91 29 58.0
91 28 59.0
91 27 60.0
91 26 61.0
91 20 62.0
91 19 63.0
91 108 64.0
91 145 65.0
92 140 40.0
92 93 41.0
92 92 42.0
92 91 43.0
92 90 44.0
92 89 45.0
92 88 46.0
92 87 47.0
92 41 48.0
92 40 49.0
92 34 50.0
92 96 51.0
92 149 52.0
93 148 40.0
93 95 41.0
93 32 42.0
93 38 43.0
93 43 44.0
93 44 45.0
93 46 46.0
93 47 47.0
93 48 48.0
93 61 49.0
93 62 50.0
93 63 51.0
93 54 52.0
93 143 53.0
94 138 44.0
94 136 45.0
94 105 46.0
94 104 47.0
94 102 48.0
94 114 49.0
94 113 50.0
94 112 51.0
94 111 52.0
94 110 53.0
94 109 54.0
94 2 55.0
94 11 56.0
94 56 57.0
94 58 58.0
94 60 59.0
94 141 60.0
95 148 42.0
95 95 43.0
95 32 44.0
95 79 45.0
95 34 46.0
95 35 47.0
95 81 48.0
95 82 49.0
95 83 50.0
95 84 51.0
95 85 52.0
95 86 53.0
95 139 54.0
96 146 49.0
96 107 50.0
96 18 51.0
96 17 52.0
96 16 53.0
96 15 54.0
96 14 55.0
96 13 56.0
96 12 57.0
96 11 58.0
96 56 59.0
96 58 60.0
96 60 61.0
96 141 62.0
97 138 42.0
97 136 43.0
97 105 44.0
97 104 45.0
97 134 46.0
97 133 47.0
97 132 48.0
97 131 49.0
97 130 50.0
97 129 51.0
97 128 52.0
97 9 53.0
97 19 54.0
97 108 55.0
97 145 56.0
99 138 48.0
99 136 49.0
99 105 50.0
99 104 51.0
99 102 52.0
99 114 53.0
99 113 54.0
99 112 55.0
99 111 56.0
99 110 57.0
99 109 58.0
99 2 59.0
99 11 60.0
99 56 61.0
99 58 62.0
99 60 63.0
99 141 64.0
;
param t_hat_lat:=
42 148 29.0
42 95 30.0
42 32 31.0
42 38 32.0
42 36 33.0
42 78 34.0
42 76 35.0
42 74 36.0
42 72 37.0
42 70 38.0
42 39 39.0
42 30 40.0
42 29 41.0
42 28 42.0
42 27 43.0
42 26 44.0
42 20 45.0
42 19 46.0
42 108 47.0
42 145 48.0
50 144 29.0
50 68 30.0
50 67 31.0
50 66 32.0
50 65 33.0
50 49 34.0
50 50 35.0
50 47 36.0
50 53 37.0
50 40 38.0
50 34 39.0
50 35 40.0
50 81 41.0
50 82 42.0
50 83 43.0
50 84 44.0
50 85 45.0
50 86 46.0
50 139 47.0
52 152 32.0
52 100 33.0
52 52 34.0
52 45 35.0
52 44 36.0
52 46 37.0
52 47 38.0
52 53 39.0
52 40 40.0
52 34 41.0
52 35 42.0
52 81 43.0
52 82 44.0
52 83 45.0
52 84 46.0
52 85 47.0
52 86 48.0
52 139 49.0
57 148 37.0
57 95 38.0
57 32 39.0
57 38 40.0
57 43 41.0
57 44 42.0
57 46 43.0
57 47 44.0
57 48 45.0
57 49 46.0
57 99 47.0
57 153 48.0
61 148 39.0
61 95 40.0
61 32 41.0
61 38 42.0
61 43 43.0
61 44 44.0
61 46 45.0
61 47 46.0
61 48 47.0
61 61 47.78
61 62 49.0
61 63 50.0
61 54 51.0
61 143 52.0
62 144 43.0
62 68 44.0
62 67 45.0
62 66 46.0
62 65 47.0
62 49 48.0
62 50 49.0
62 47 50.0
62 53 51.0
62 40 52.0
62 80 53.0
62 38 54.0
62 36 55.0
62 31 56.0
62 94 57.0
62 147 58.0
65 152 48.0
65 100 49.0
65 52 50.0
65 45 51.0
65 44 52.0
65 46 53.0
65 47 54.0
65 53 55.0
65 40 56.0
65 34 57.0
65 35 58.0
65 81 59.0
65 82 60.0
65 83 61.0
65 84 62.0
65 85 63.0
65 86 64.0
65 139 65.0
66 138 36.0
66 136 37.0
66 105 38.0
66 104 39.0
66 134 40.0
66 133 41.0
66 132 42.0
66 131 43.0
66 130 44.0
66 129 45.0
66 128 46.0
66 9 47.0
66 19 48.0
66 108 49.0
66 145 50.0
67 154 39.0
67 98 40.0
67 50 41.0
67 47 42.0
67 53 43.0
67 40 44.0
67 80 45.0
67 38 46.0
67 36 47.0
67 78 48.0
67 76 49.0
67 74 50.0
67 72 51.0
67 70 52.0
67 39 53.0
67 30 54.0
67 29 55.0
67 28 56.0
67 27 57.0
67 26 58.0
67 20 59.0
67 19 60.0
67 108 61.0
67 145 62.0
68 142 34.0
68 59 35.0
68 57 36.0
68 55 37.0
68 106 38.0
68 1 39.0
68 121 40.0
68 122 41.0
68 123 42.0
68 124 43.0
68 125 44.0
68 126 45.0
68 127 46.0
68 103 47.0
68 135 48.0
68 137 49.0
69 138 38.0
69 136 39.0
69 105 40.0
69 104 41.0
69 134 42.0
69 133 43.0
69 132 44.0
69 131 45.0
69 130 46.0
69 129 47.0
69 128 48.0
69 9 49.0
69 19 50.0
69 108 51.0
69 145 52.0
71 152 39.0
71 100 40.0
71 52 41.0
71 45 42.0
71 37 43.0
71 36 44.0
71 78 45.0
71 76 46.0
71 74 47.0
71 72 48.0
71 70 49.0
71 39 50.0
71 30 51.0
71 29 52.0
71 28 53.0
71 27 54.0
71 26 55.0
71 20 56.0
71 19 57.0
71 108 58.0
71 145 59.0
72 144 33.0
72 68 34.0
72 67 35.0
72 66 36.0
72 65 37.0
72 49 38.0
72 50 39.0
72 47 40.0
72 53 41.0
72 40 42.0
72 34 43.0
72 35 44.0
72 81 45.0
72 82 46.0
72 83 47.0
72 84 48.0
72 85 49.0
72 86 50.0
72 139 51.0
74 146 33.0
74 107 34.0
74 18 35.0
74 8 36.0
74 9 37.0
74 10 38.0
74 21 39.0
74 22 40.0
74 23 41.0
74 24 42.0
74 25 43.0
74 33 44.0
74 69 45.0
74 71 46.0
74 73 47.0
74 75 48.0
74 77 49.0
74 31 50.0
74 32 51.0
74 38 52.0
74 43 53.0
74 44 54.0
74 51 55.0
74 101 56.0
74 151 57.0
76 148 45.0
76 95 46.0
76 32 47.0
76 38 48.0
76 36 49.0
76 78 50.0
76 76 51.0
76 74 52.0
76 72 53.0
76 70 54.0
76 39 55.0
76 30 56.0
76 29 57.0
76 28 58.0
76 27 59.0
76 26 60.0
76 20 61.0
76 19 62.0
76 108 63.0
76 145 64.0
77 154 49.0
77 98 50.0
77 50 51.0
77 47 52.0
77 53 53.0
77 40 54.0
77 80 55.0
77 38 56.0
77 36 57.0
77 78 58.0
77 76 59.0
77 74 60.0
77 72 61.0
77 70 62.0
77 39 63.0
77 30 64.0
77 29 65.0
77 28 66.0
77 27 67.0
77 26 68.0
77 20 69.0
77 19 70.0
77 108 71.0
77 145 72.0
79 138 32.0
79 136 33.0
79 105 34.0
79 104 35.0
79 102 36.0
79 114 37.0
79 113 38.0
79 112 39.0
79 111 40.0
79 110 41.0
79 109 42.0
79 2 43.0
79 11 44.0
79 56 45.0
79 58 46.0
79 60 47.0
79 141 48.0
80 138 41.0
80 136 42.0
80 105 43.0
80 104 44.0
80 134 45.0
80 133 46.0
80 132 47.0
80 131 48.0
80 130 49.0
80 129 50.0
80 128 51.0
80 9 52.0
80 19 53.0
80 108 54.0
80 145 55.0
82 144 45.0
82 68 46.0
82 67 47.0
82 66 48.0
82 65 49.0
82 49 50.0
82 99 51.0
82 153 52.0
84 146 48.0
84 107 49.0
84 18 50.0
84 8 51.0
84 117 52.0
84 118 53.0
84 119 54.0
84 120 55.0
84 116 56.0
84 115 57.0
84 102 58.0
84 103 59.0
84 135 60.0
84 137 61.0
87 146 46.0
87 107 47.0
87 18 48.0
87 17 49.0
87 16 50.0
87 15 51.0
87 14 52.0
87 13 53.0
87 12 54.0
87 11 55.0
87 56 56.0
87 58 57.0
87 60 58.0
87 141 59.0
88 144 49.0
88 68 50.0
88 67 51.0
88 66 52.0
88 65 53.0
88 49 54.0
88 50 55.0
88 47 56.0
88 53 57.0
88 40 58.0
88 80 59.0
88 38 60.0
88 36 61.0
88 31 62.0
88 94 63.0
88 147 64.0
89 150 50.0
89 97 51.0
89 35 52.0
89 41 53.0
89 42 54.0
89 48 55.0
89 49 56.0
89 99 57.0
89 153 58.0
90 146 41.0
90 107 42.0
90 18 43.0
90 8 44.0
90 9 45.0
90 10 46.0
90 21 47.0
90 22 48.0
90 23 49.0
90 24 50.0
90 25 51.0
90 33 52.0
90 69 53.0
90 71 54.0
90 73 55.0
90 75 56.0
90 77 57.0
90 31 58.0
90 94 59.0
90 147 60.0
91 150 44.0
91 97 45.0
91 35 46.0
91 41 47.0
91 40 48.0
91 80 49.0
91 38 50.0
91 36 51.0
91 78 52.0
91 76 53.0
91 74 54.0
91 72 55.0
91 70 56.0
91 39 57.0
91 30 58.0
91 29 59.0
91 28 60.0
91 27 61.0
91 26 62.0
91 20 63.0
91 19 64.0
91 108 65.0
91 145 66.0
92 140 41.0
92 93 42.0
92 92 43.0
92 91 44.0
92 90 45.0
92 89 46.0
92 88 47.0
92 87 48.0
92 41 49.0
92 40 50.0
92 34 51.0
92 96 52.0
92 149 53.0
93 148 41.0
93 95 42.0
93 32 43.0
93 38 44.0
93 43 45.0
93 44 46.0
93 46 47.0
93 47 48.0
93 48 49.0
93 61 50.0
93 62 51.0
93 63 52.0
93 54 53.0
93 143 54.0
94 138 45.0
94 136 46.0
94 105 47.0
94 104 48.0
94 102 49.0
94 114 50.0
94 113 51.0
94 112 52.0
94 111 53.0
94 110 54.0
94 109 55.0
94 2 56.0
94 11 57.0
94 56 58.0
94 58 59.0
94 60 60.0
94 141 61.0
95 148 43.0
95 95 44.0
95 32 45.0
95 79 46.0
95 34 47.0
95 35 48.0
95 81 49.0
95 82 50.0
95 83 51.0
95 84 52.0
95 85 53.0
95 86 54.0
95 139 55.0
96 146 50.0
96 107 51.0
96 18 52.0
96 17 53.0
96 16 54.0
96 15 55.0
96 14 56.0
96 13 57.0
96 12 58.0
96 11 59.0
96 56 60.0
96 58 61.0
96 60 62.0
96 141 63.0
97 138 43.0
97 136 44.0
97 105 45.0
97 104 46.0
97 134 47.0
97 133 48.0
97 132 49.0
97 131 50.0
97 130 51.0
97 129 52.0
97 128 53.0
97 9 54.0
97 19 55.0
97 108 56.0
97 145 57.0
99 138 49.0
99 136 50.0
99 105 51.0
99 104 52.0
99 102 53.0
99 114 54.0
99 113 55.0
99 112 56.0
99 111 57.0
99 110 58.0
99 109 59.0
99 2 60.0
99 11 61.0
99 56 62.0
99 58 63.0
99 60 64.0
99 141 65.0
;
param drifted_flight:= 61;
param drifted_wp:= 61;
set fixedFlights :=
42 148 95
42 95 32
42 32 38
42 38 36
42 36 78
42 78 76
42 76 74
42 74 72
42 72 70
42 70 39
42 39 30
42 30 29
42 29 28
42 28 27
42 27 26
42 26 20
42 20 19
42 19 108
42 108 145
50 144 68
50 68 67
50 67 66
50 66 65
50 65 49
50 49 50
50 50 47
50 47 53
50 53 40
50 40 34
50 34 35
50 35 81
50 81 82
50 82 83
50 83 84
50 84 85
50 85 86
50 86 139
52 152 100
52 100 52
52 52 45
52 45 44
52 44 46
52 46 47
52 47 53
52 53 40
52 40 34
52 34 35
52 35 81
52 81 82
52 82 83
52 83 84
52 84 85
52 85 86
52 86 139
57 148 95
57 95 32
57 32 38
57 38 43
57 43 44
57 44 46
57 46 47
57 47 48
57 48 49
57 49 99
57 99 153
61 148 95
61 95 32
61 32 38
61 38 43
61 43 44
61 44 46
61 46 47
61 47 48
61 48 61
61 61 62
61 62 63
61 63 54
61 54 143
62 144 68
62 68 67
62 67 66
62 66 65
62 65 49
62 49 50
62 50 47
62 47 53
62 53 40
62 40 80
62 80 38
62 38 36
62 36 31
62 31 94
62 94 147
65 152 100
65 100 52
65 52 45
65 45 44
65 44 46
65 46 47
65 47 53
65 53 40
65 40 34
65 34 35
65 35 81
65 81 82
65 82 83
65 83 84
65 84 85
65 85 86
65 86 139
66 138 136
66 136 105
66 105 104
66 104 134
66 134 133
66 133 132
66 132 131
66 131 130
66 130 129
66 129 128
66 128 9
66 9 19
66 19 108
66 108 145
67 154 98
67 98 50
67 50 47
67 47 53
67 53 40
67 40 80
67 80 38
67 38 36
67 36 78
67 78 76
67 76 74
67 74 72
67 72 70
67 70 39
67 39 30
67 30 29
67 29 28
67 28 27
67 27 26
67 26 20
67 20 19
67 19 108
67 108 145
68 142 59
68 59 57
68 57 55
68 55 106
68 106 1
68 1 121
68 121 122
68 122 123
68 123 124
68 124 125
68 125 126
68 126 127
68 127 103
68 103 135
68 135 137
69 138 136
69 136 105
69 105 104
69 104 134
69 134 133
69 133 132
69 132 131
69 131 130
69 130 129
69 129 128
69 128 9
69 9 19
69 19 108
69 108 145
71 152 100
71 100 52
71 52 45
71 45 37
71 37 36
71 36 78
71 78 76
71 76 74
71 74 72
71 72 70
71 70 39
71 39 30
71 30 29
71 29 28
71 28 27
71 27 26
71 26 20
71 20 19
71 19 108
71 108 145
72 144 68
72 68 67
72 67 66
72 66 65
72 65 49
72 49 50
72 50 47
72 47 53
72 53 40
72 40 34
72 34 35
72 35 81
72 81 82
72 82 83
72 83 84
72 84 85
72 85 86
72 86 139
74 146 107
74 107 18
74 18 8
74 8 9
74 9 10
74 10 21
74 21 22
74 22 23
74 23 24
74 24 25
74 25 33
74 33 69
74 69 71
74 71 73
74 73 75
74 75 77
74 77 31
74 31 32
74 32 38
74 38 43
74 43 44
74 44 51
74 51 101
74 101 151
76 148 95
76 95 32
76 32 38
76 38 36
76 36 78
76 78 76
76 76 74
76 74 72
76 72 70
76 70 39
76 39 30
76 30 29
76 29 28
76 28 27
76 27 26
76 26 20
76 20 19
76 19 108
76 108 145
77 154 98
77 98 50
77 50 47
77 47 53
77 53 40
77 40 80
77 80 38
77 38 36
77 36 78
77 78 76
77 76 74
77 74 72
77 72 70
77 70 39
77 39 30
77 30 29
77 29 28
77 28 27
77 27 26
77 26 20
77 20 19
77 19 108
77 108 145
79 138 136
79 136 105
79 105 104
79 104 102
79 102 114
79 114 113
79 113 112
79 112 111
79 111 110
79 110 109
79 109 2
79 2 11
79 11 56
79 56 58
79 58 60
79 60 141
80 138 136
80 136 105
80 105 104
80 104 134
80 134 133
80 133 132
80 132 131
80 131 130
80 130 129
80 129 128
80 128 9
80 9 19
80 19 108
80 108 145
82 144 68
82 68 67
82 67 66
82 66 65
82 65 49
82 49 99
82 99 153
84 146 107
84 107 18
84 18 8
84 8 117
84 117 118
84 118 119
84 119 120
84 120 116
84 116 115
84 115 102
84 102 103
84 103 135
84 135 137
87 146 107
87 107 18
87 18 17
87 17 16
87 16 15
87 15 14
87 14 13
87 13 12
87 12 11
87 11 56
87 56 58
87 58 60
87 60 141
88 144 68
88 68 67
88 67 66
88 66 65
88 65 49
88 49 50
88 50 47
88 47 53
88 53 40
88 40 80
88 80 38
88 38 36
88 36 31
88 31 94
88 94 147
89 150 97
89 97 35
89 35 41
89 41 42
89 42 48
89 48 49
89 49 99
89 99 153
90 146 107
90 107 18
90 18 8
90 8 9
90 9 10
90 10 21
90 21 22
90 22 23
90 23 24
90 24 25
90 25 33
90 33 69
90 69 71
90 71 73
90 73 75
90 75 77
90 77 31
90 31 94
90 94 147
91 150 97
91 97 35
91 35 41
91 41 40
91 40 80
91 80 38
91 38 36
91 36 78
91 78 76
91 76 74
91 74 72
91 72 70
91 70 39
91 39 30
91 30 29
91 29 28
91 28 27
91 27 26
91 26 20
91 20 19
91 19 108
91 108 145
92 140 93
92 93 92
92 92 91
92 91 90
92 90 89
92 89 88
92 88 87
92 87 41
92 41 40
92 40 34
92 34 96
92 96 149
93 148 95
93 95 32
93 32 38
93 38 43
93 43 44
93 44 46
93 46 47
93 47 48
93 48 61
93 61 62
93 62 63
93 63 54
93 54 143
94 138 136
94 136 105
94 105 104
94 104 102
94 102 114
94 114 113
94 113 112
94 112 111
94 111 110
94 110 109
94 109 2
94 2 11
94 11 56
94 56 58
94 58 60
94 60 141
95 148 95
95 95 32
95 32 79
95 79 34
95 34 35
95 35 81
95 81 82
95 82 83
95 83 84
95 84 85
95 85 86
95 86 139
96 146 107
96 107 18
96 18 17
96 17 16
96 16 15
96 15 14
96 14 13
96 13 12
96 12 11
96 11 56
96 56 58
96 58 60
96 60 141
97 138 136
97 136 105
97 105 104
97 104 134
97 134 133
97 133 132
97 132 131
97 131 130
97 130 129
97 129 128
97 128 9
97 9 19
97 19 108
97 108 145
99 138 136
99 136 105
99 105 104
99 104 102
99 102 114
99 114 113
99 113 112
99 112 111
99 111 110
99 110 109
99 109 2
99 2 11
99 11 56
99 56 58
99 58 60
99 60 141
;
set inFlight:=
42
50
52
57
61
62
66
67
68
69
71
72
74
76
79
80
82
87
90
91
92
93
94
95
97
;
param tini := 46.5;
