param nn:= 155;
set F:=
42
48
49
60
61
66
67
68
69
70
74
75
79
80
81
82
83
85
86
87
88
92
95
96
97
;
param: E: d:=
2 3 2.500000
3 4 2.500000
4 5 2.500000
5 6 2.500000
6 7 2.500000
7 0 2.500000
0 8 2.500000
9 10 2.500000
8 9 2.500000
12 11 2.500000
13 12 2.500000
14 13 2.500000
15 14 2.500000
16 15 2.500000
17 16 2.500000
18 17 2.500000
19 18 2.500000
20 19 2.500000
10 21 2.500000
21 22 2.500000
22 23 2.500000
23 24 2.500000
24 25 2.500000
26 20 2.500000
27 26 2.500000
28 27 2.500000
29 28 2.500000
30 29 2.500000
34 35 2.500000
36 31 2.500000
37 36 2.500000
41 40 2.500000
35 41 2.500000
41 42 2.500000
32 38 2.500000
38 43 2.500000
43 44 2.500000
45 37 2.500000
31 32 2.500000
45 44 2.500000
44 46 2.500000
46 47 2.500000
47 48 2.500000
42 48 2.500000
49 50 2.500000
51 52 2.500000
52 45 2.500000
44 51 2.500000
48 49 2.500000
50 47 2.500000
47 53 2.500000
53 40 2.500000
40 34 2.500000
54 143 1.500000
57 55 2.500000
56 58 2.500000
59 57 2.500000
58 60 2.500000
60 141 1.500000
142 59 1.500000
48 61 2.500000
61 62 2.500000
62 63 2.500000
66 65 2.500000
67 66 2.500000
68 67 2.500000
144 68 1.500000
2 1 2.500000
64 51 2.500000
63 54 2.500000
65 49 2.500000
50 64 2.500000
25 33 2.500000
33 69 2.500000
69 71 2.500000
71 73 2.500000
73 75 2.500000
75 77 2.500000
77 31 2.500000
40 80 2.500000
80 38 2.500000
38 36 2.500000
36 78 2.500000
78 76 2.500000
76 74 2.500000
74 72 2.500000
72 70 2.500000
70 39 2.500000
39 30 2.500000
32 79 2.500000
79 34 2.500000
148 95 1.500000
94 147 1.500000
152 100 1.500000
101 151 1.500000
154 98 1.500000
99 153 1.500000
96 149 1.500000
150 97 1.500000
97 35 2.500000
95 32 2.500000
31 94 2.500000
34 96 2.500000
51 101 2.500000
100 52 2.500000
98 50 2.500000
49 99 2.500000
35 81 2.500000
81 82 2.500000
82 83 2.500000
83 84 2.500000
84 85 2.500000
85 86 2.500000
93 92 2.500000
92 91 2.500000
91 90 2.500000
90 89 2.500000
89 88 2.500000
88 87 2.500000
87 41 2.500000
86 139 1.500000
140 93 1.500000
108 145 1.500000
146 107 1.500000
11 56 2.500000
2 11 2.500000
107 18 2.500000
18 8 2.500000
9 19 2.500000
19 108 2.500000
55 106 2.500000
106 1 2.500000
1 121 2.500000
121 122 2.500000
109 2 2.500000
110 109 2.500000
104 102 2.500000
102 114 2.500000
115 102 2.500000
102 103 2.500000
105 104 2.500000
104 134 2.500000
134 133 2.500000
103 105 2.500000
116 115 2.500000
8 117 2.500000
117 118 2.500000
118 119 2.500000
119 120 2.500000
120 116 2.500000
133 132 2.500000
132 131 2.500000
131 130 2.500000
130 129 2.500000
129 128 2.500000
128 9 2.500000
122 123 2.500000
123 124 2.500000
124 125 2.500000
125 126 2.500000
126 127 2.500000
127 103 2.500000
114 113 2.500000
113 112 2.500000
112 111 2.500000
111 110 2.500000
103 135 2.500000
135 137 1.500000
138 136 1.500000
136 105 2.500000
;
param s:=
42 154
48 154
49 150
60 152
61 154
66 152
67 146
68 138
69 150
70 140
74 154
75 150
79 146
80 148
81 142
82 148
83 142
85 152
86 138
87 138
88 146
92 138
95 140
96 144
97 138
;
param e:=
42 145
48 139
49 143
60 145
61 139
66 143
67 147
68 141
69 139
70 153
74 147
75 151
79 151
80 139
81 137
82 153
83 137
85 153
86 141
87 141
88 141
92 141
95 143
96 139
97 145
;
param v_min:=2.375
;
param v_max:=2.625 
;
param :conflictsNodes: angle:=
0 7 8 1.000000
0 8 7 1.000000
1 2 121 1.154701
1 121 2 1.154701
1 2 106 1.000000
1 106 2 1.000000
1 106 121 1.000000
1 121 106 1.000000
2 3 11 1.000000
2 11 3 1.000000
2 3 109 1.154701
2 109 3 1.154701
2 1 3 1.000000
2 3 1 1.000000
2 1 11 1.000000
2 11 1 1.000000
2 1 109 1.000000
2 109 1 1.000000
2 11 109 1.000000
2 109 11 1.000000
3 2 4 1.000000
3 4 2 1.000000
4 3 5 1.000000
4 5 3 1.000000
5 4 6 1.000000
5 6 4 1.000000
6 5 7 1.000000
6 7 5 1.000000
7 0 6 1.000000
7 6 0 1.000000
8 0 9 1.000000
8 9 0 1.000000
8 0 117 1.154701
8 117 0 1.154701
8 0 18 1.000000
8 18 0 1.000000
8 9 117 1.000000
8 117 9 1.000000
8 9 18 1.000000
8 18 9 1.000000
8 18 117 1.000000
8 117 18 1.000000
9 8 10 1.000000
9 10 8 1.000000
9 8 19 1.000000
9 19 8 1.000000
9 8 128 1.154701
9 128 8 1.154701
9 10 19 1.000000
9 19 10 1.000000
9 10 128 1.000000
9 128 10 1.000000
9 19 128 1.000000
9 128 19 1.000000
10 9 21 1.000000
10 21 9 1.000000
11 2 12 1.000000
11 12 2 1.000000
11 2 56 1.000000
11 56 2 1.000000
11 12 56 1.000000
11 56 12 1.000000
12 11 13 1.000000
12 13 11 1.000000
13 12 14 1.000000
13 14 12 1.000000
14 13 15 1.000000
14 15 13 1.000000
15 14 16 1.000000
15 16 14 1.000000
16 15 17 1.000000
16 17 15 1.000000
17 16 18 1.000000
17 18 16 1.000000
18 17 19 1.000000
18 19 17 1.000000
18 17 107 1.000000
18 107 17 1.000000
18 8 17 1.000000
18 17 8 1.000000
18 8 19 1.000000
18 19 8 1.000000
18 8 107 1.000000
18 107 8 1.000000
18 19 107 1.000000
18 107 19 1.000000
19 9 18 1.000000
19 18 9 1.000000
19 9 108 1.000000
19 108 9 1.000000
19 9 20 1.000000
19 20 9 1.000000
19 18 108 1.000000
19 108 18 1.000000
19 18 20 1.000000
19 20 18 1.000000
19 20 108 1.000000
19 108 20 1.000000
20 19 26 1.000000
20 26 19 1.000000
21 10 22 1.000000
21 22 10 1.000000
22 21 23 1.000000
22 23 21 1.000000
23 22 24 1.000000
23 24 22 1.000000
24 23 25 1.000000
24 25 23 1.000000
25 24 33 1.000000
25 33 24 1.000000
26 20 27 1.000000
26 27 20 1.000000
27 26 28 1.000000
27 28 26 1.000000
28 27 29 1.000000
28 29 27 1.000000
29 28 30 1.000000
29 30 28 1.000000
30 29 39 1.000000
30 39 29 1.000000
31 36 94 1.000000
31 94 36 1.000000
31 36 77 1.000000
31 77 36 1.000000
31 32 36 1.000000
31 36 32 1.000000
31 32 94 1.000000
31 94 32 1.000000
31 32 77 1.000000
31 77 32 1.000000
31 77 94 1.000000
31 94 77 1.000000
32 31 38 1.000000
32 38 31 1.000000
32 31 79 1.000000
32 79 31 1.000000
32 31 95 1.000000
32 95 31 1.000000
32 38 79 1.000000
32 79 38 1.000000
32 38 95 1.000000
32 95 38 1.000000
32 79 95 1.000000
32 95 79 1.000000
33 25 69 1.000000
33 69 25 1.000000
34 35 96 1.000000
34 96 35 1.000000
34 35 40 1.000000
34 40 35 1.000000
34 35 79 1.000000
34 79 35 1.000000
34 40 96 1.000000
34 96 40 1.000000
34 40 79 1.000000
34 79 40 1.000000
34 79 96 1.000000
34 96 79 1.000000
35 34 41 1.000000
35 41 34 1.000000
35 34 81 1.000000
35 81 34 1.000000
35 34 97 1.000000
35 97 34 1.000000
35 41 81 1.000000
35 81 41 1.000000
35 41 97 1.000000
35 97 41 1.000000
35 81 97 1.189773
35 97 81 1.189773
36 31 78 1.000000
36 78 31 1.000000
36 31 37 1.000000
36 37 31 1.000000
36 31 38 1.000000
36 38 31 1.000000
36 37 78 1.000000
36 78 37 1.000000
36 37 38 1.000000
36 38 37 1.000000
36 38 78 1.000000
36 78 38 1.000000
37 36 45 1.000000
37 45 36 1.000000
38 32 43 1.000000
38 43 32 1.000000
38 32 36 1.000000
38 36 32 1.000000
38 32 80 1.000000
38 80 32 1.000000
38 43 80 1.000000
38 80 43 1.000000
38 36 43 1.000000
38 43 36 1.000000
38 36 80 1.000000
38 80 36 1.000000
39 30 70 1.000000
39 70 30 1.000000
40 41 80 1.000000
40 80 41 1.000000
40 41 53 1.000000
40 53 41 1.000000
40 34 41 1.000000
40 41 34 1.000000
40 34 80 1.000000
40 80 34 1.000000
40 34 53 1.000000
40 53 34 1.000000
40 53 80 1.000000
40 80 53 1.000000
41 35 40 1.000000
41 40 35 1.000000
41 35 42 1.000000
41 42 35 1.000000
41 35 87 1.189773
41 87 35 1.189773
41 40 42 1.000000
41 42 40 1.000000
41 40 87 1.000000
41 87 40 1.000000
41 42 87 1.000000
41 87 42 1.000000
42 41 48 1.000000
42 48 41 1.000000
43 38 44 1.000000
43 44 38 1.000000
44 43 46 1.000000
44 46 43 1.000000
44 43 51 1.000000
44 51 43 1.000000
44 43 45 1.000000
44 45 43 1.000000
44 46 51 1.000000
44 51 46 1.000000
44 45 46 1.000000
44 46 45 1.000000
44 45 51 1.000000
44 51 45 1.000000
45 37 44 1.000000
45 44 37 1.000000
45 37 52 1.000000
45 52 37 1.000000
45 44 52 1.000000
45 52 44 1.000000
46 44 47 1.000000
46 47 44 1.000000
47 46 48 1.000000
47 48 46 1.000000
47 46 53 1.000000
47 53 46 1.000000
47 46 50 1.000000
47 50 46 1.000000
47 48 53 1.000000
47 53 48 1.000000
47 48 50 1.000000
47 50 48 1.000000
47 50 53 1.000000
47 53 50 1.000000
48 42 47 1.000000
48 47 42 1.000000
48 42 49 1.000000
48 49 42 1.000000
48 42 61 1.000000
48 61 42 1.000000
48 47 49 1.000000
48 49 47 1.000000
48 47 61 1.000000
48 61 47 1.000000
48 49 61 1.000000
48 61 49 1.000000
49 48 50 1.000000
49 50 48 1.000000
49 48 99 1.000000
49 99 48 1.000000
49 48 65 1.000000
49 65 48 1.000000
49 50 99 1.000000
49 99 50 1.000000
49 50 65 1.000000
49 65 50 1.000000
49 65 99 1.000000
49 99 65 1.000000
50 49 64 1.000000
50 64 49 1.000000
50 49 98 1.000000
50 98 49 1.000000
50 47 49 1.000000
50 49 47 1.000000
50 47 64 1.000000
50 64 47 1.000000
50 47 98 1.000000
50 98 47 1.000000
50 64 98 1.000000
50 98 64 1.000000
51 44 52 1.000000
51 52 44 1.000000
51 44 101 1.000000
51 101 44 1.000000
51 44 64 1.000000
51 64 44 1.000000
51 52 101 1.000000
51 101 52 1.000000
51 52 64 1.000000
51 64 52 1.000000
51 64 101 1.000000
51 101 64 1.000000
52 51 100 1.000000
52 100 51 1.000000
52 45 51 1.000000
52 51 45 1.000000
52 45 100 1.000000
52 100 45 1.000000
53 40 47 1.000000
53 47 40 1.000000
55 57 106 1.000000
55 106 57 1.000000
56 11 58 1.000000
56 58 11 1.000000
57 55 59 1.000000
57 59 55 1.000000
58 56 60 1.000000
58 60 56 1.000000
61 48 62 1.000000
61 62 48 1.000000
62 61 63 1.000000
62 63 61 1.000000
63 54 62 1.000000
63 62 54 1.000000
64 50 51 1.000000
64 51 50 1.000000
65 49 66 1.000000
65 66 49 1.000000
66 65 67 1.000000
66 67 65 1.000000
67 66 68 1.000000
67 68 66 1.000000
69 33 71 1.000000
69 71 33 1.000000
70 39 72 1.000000
70 72 39 1.000000
71 69 73 1.000000
71 73 69 1.000000
72 70 74 1.000000
72 74 70 1.000000
73 71 75 1.000000
73 75 71 1.000000
74 72 76 1.000000
74 76 72 1.000000
75 73 77 1.000000
75 77 73 1.000000
76 74 78 1.000000
76 78 74 1.000000
77 31 75 1.000000
77 75 31 1.000000
78 36 76 1.000000
78 76 36 1.000000
79 32 34 1.000000
79 34 32 1.000000
80 38 40 1.000000
80 40 38 1.000000
81 35 82 1.000000
81 82 35 1.000000
82 81 83 1.000000
82 83 81 1.000000
83 82 84 1.000000
83 84 82 1.000000
84 83 85 1.000000
84 85 83 1.000000
85 84 86 1.000000
85 86 84 1.000000
87 41 88 1.000000
87 88 41 1.000000
88 87 89 1.000000
88 89 87 1.000000
89 88 90 1.000000
89 90 88 1.000000
90 89 91 1.000000
90 91 89 1.000000
91 90 92 1.000000
91 92 90 1.000000
92 91 93 1.000000
92 93 91 1.000000
102 104 114 1.000000
102 114 104 1.000000
102 104 115 1.000000
102 115 104 1.000000
102 114 115 1.154701
102 115 114 1.154701
102 103 104 1.154701
102 104 103 1.154701
102 103 114 1.000000
102 114 103 1.000000
102 103 115 1.000000
102 115 103 1.000000
103 102 105 1.000000
103 105 102 1.000000
103 102 135 1.000000
103 135 102 1.000000
103 102 127 1.154701
103 127 102 1.154701
103 105 135 1.154701
103 135 105 1.154701
103 105 127 1.000000
103 127 105 1.000000
103 127 135 1.000000
103 135 127 1.000000
104 102 134 1.154701
104 134 102 1.154701
104 102 105 1.000000
104 105 102 1.000000
104 105 134 1.000000
104 134 105 1.000000
105 103 104 1.154701
105 104 103 1.154701
105 103 136 1.000000
105 136 103 1.000000
105 104 136 1.000000
105 136 104 1.000000
106 1 55 1.000000
106 55 1 1.000000
109 2 110 1.000000
109 110 2 1.000000
110 109 111 1.000000
110 111 109 1.000000
111 110 112 1.000000
111 112 110 1.000000
112 111 113 1.000000
112 113 111 1.000000
113 112 114 1.000000
113 114 112 1.000000
114 102 113 1.000000
114 113 102 1.000000
115 102 116 1.000000
115 116 102 1.000000
116 115 120 1.000000
116 120 115 1.000000
117 8 118 1.000000
117 118 8 1.000000
118 117 119 1.000000
118 119 117 1.000000
119 118 120 1.000000
119 120 118 1.000000
120 116 119 1.000000
120 119 116 1.000000
121 1 122 1.000000
121 122 1 1.000000
122 121 123 1.000000
122 123 121 1.000000
123 122 124 1.000000
123 124 122 1.000000
124 123 125 1.000000
124 125 123 1.000000
125 124 126 1.000000
125 126 124 1.000000
126 125 127 1.000000
126 127 125 1.000000
127 103 126 1.000000
127 126 103 1.000000
128 9 129 1.000000
128 129 9 1.000000
129 128 130 1.000000
129 130 128 1.000000
130 129 131 1.000000
130 131 129 1.000000
131 130 132 1.000000
131 132 130 1.000000
132 131 133 1.000000
132 133 131 1.000000
133 132 134 1.000000
133 134 132 1.000000
134 104 133 1.000000
134 133 104 1.000000
;
param D:=0.5;
param t_hat_ear:=
42 154 36.0
42 98 37.0
42 50 38.0
42 47 39.0
42 53 40.0
42 40 41.0
42 80 42.0
42 38 43.0
42 36 44.0
42 78 45.0
42 76 46.0
42 74 47.0
42 72 48.0
42 70 49.0
42 39 50.0
42 30 51.0
42 29 52.0
42 28 53.0
42 27 54.0
42 26 55.0
42 20 56.0
42 19 57.0
42 108 58.0
42 145 59.0
48 154 38.0
48 98 39.0
48 50 40.0
48 47 41.0
48 53 42.0
48 40 43.0
48 34 44.0
48 35 45.0
48 81 46.0
48 82 47.0
48 83 48.0
48 84 49.0
48 85 50.0
48 86 51.0
48 139 52.0
49 150 47.0
49 97 48.0
49 35 49.0
49 41 50.0
49 42 51.0
49 48 52.0
49 61 53.0
49 62 54.0
49 63 55.0
49 54 56.0
49 143 57.0
60 152 33.0
60 100 34.0
60 52 35.0
60 45 36.0
60 37 37.0
60 36 38.0
60 78 39.0
60 76 40.0
60 74 41.0
60 72 42.0
60 70 43.0
60 39 44.0
60 30 45.0
60 29 46.0
60 28 47.0
60 27 48.0
60 26 49.0
60 20 50.0
60 19 51.0
60 108 52.24
60 145 53.0
61 154 48.0
61 98 49.0
61 50 50.0
61 47 51.0
61 53 52.0
61 40 53.0
61 34 54.0
61 35 55.0
61 81 56.0
61 82 57.0
61 83 58.0
61 84 59.0
61 85 60.0
61 86 61.0
61 139 62.0
66 152 39.0
66 100 40.0
66 52 41.0
66 45 42.0
66 44 43.0
66 46 44.0
66 47 45.0
66 48 46.0
66 61 47.0
66 62 48.0
66 63 49.0
66 54 50.0
66 143 51.0
67 146 33.0
67 107 34.0
67 18 35.0
67 8 36.0
67 9 37.0
67 10 38.0
67 21 39.0
67 22 40.0
67 23 41.0
67 24 42.0
67 25 43.0
67 33 44.0
67 69 45.0
67 71 46.0
67 73 47.0
67 75 48.0
67 77 49.0
67 31 50.0
67 94 51.0
67 147 52.0
68 138 36.0
68 136 37.0
68 105 38.0
68 104 39.0
68 102 40.0
68 114 41.0
68 113 42.0
68 112 43.0
68 111 44.0
68 110 45.0
68 109 46.0
68 2 47.0
68 11 48.0
68 56 49.0
68 58 50.0
68 60 51.0
68 141 52.0
69 150 49.0
69 97 50.0
69 35 51.0
69 81 52.0
69 82 53.0
69 83 54.0
69 84 55.0
69 85 56.0
69 86 57.0
69 139 58.0
70 140 38.0
70 93 39.0
70 92 40.0
70 91 41.0
70 90 42.0
70 89 43.0
70 88 44.0
70 87 45.0
70 41 46.0
70 42 47.0
70 48 48.0
70 49 49.0
70 99 50.0
70 153 51.0
74 154 46.0
74 98 47.0
74 50 48.0
74 64 49.0
74 51 50.0
74 52 51.0
74 45 52.0
74 37 53.0
74 36 54.0
74 31 55.0
74 94 56.0
74 147 57.0
75 150 45.0
75 97 46.0
75 35 47.0
75 41 48.0
75 40 49.0
75 80 50.0
75 38 51.0
75 43 52.0
75 44 53.0
75 51 54.0
75 101 55.0
75 151 56.0
79 146 35.0
79 107 36.0
79 18 37.0
79 8 38.0
79 9 39.0
79 10 40.0
79 21 41.0
79 22 42.0
79 23 43.0
79 24 44.0
79 25 45.0
79 33 46.0
79 69 47.0
79 71 48.0
79 73 49.0
79 75 50.0
79 77 51.0
79 31 52.0
79 32 53.0
79 38 54.0
79 43 55.0
79 44 56.0
79 51 57.0
79 101 58.0
79 151 59.0
80 148 48.0
80 95 49.0
80 32 50.0
80 79 51.0
80 34 52.0
80 35 53.0
80 81 54.0
80 82 55.0
80 83 56.0
80 84 57.0
80 85 58.0
80 86 59.0
80 139 60.0
81 142 40.0
81 59 41.0
81 57 42.0
81 55 43.0
81 106 44.0
81 1 45.0
81 121 46.0
81 122 47.0
81 123 48.0
81 124 49.0
81 125 50.0
81 126 51.0
81 127 52.0
81 103 53.0
81 135 54.0
81 137 55.0
82 148 42.0
82 95 43.0
82 32 44.0
82 38 45.0
82 43 46.0
82 44 47.0
82 46 48.0
82 47 49.0
82 48 50.0
82 49 51.0
82 99 52.0
82 153 53.0
83 142 49.0
83 59 50.0
83 57 51.0
83 55 52.0
83 106 53.0
83 1 54.0
83 121 55.0
83 122 56.0
83 123 57.0
83 124 58.0
83 125 59.0
83 126 60.0
83 127 61.0
83 103 62.0
83 135 63.0
83 137 64.0
85 152 47.0
85 100 48.0
85 52 49.0
85 45 50.0
85 44 51.0
85 46 52.0
85 47 53.0
85 48 54.0
85 49 55.0
85 99 56.0
85 153 57.0
86 138 40.0
86 136 41.0
86 105 42.0
86 104 43.0
86 102 44.0
86 114 45.0
86 113 46.0
86 112 47.0
86 111 48.0
86 110 49.0
86 109 50.0
86 2 51.0
86 11 52.0
86 56 53.0
86 58 54.0
86 60 55.0
86 141 56.0
87 138 45.0
87 136 46.0
87 105 47.0
87 104 48.0
87 102 49.0
87 114 50.0
87 113 51.0
87 112 52.0
87 111 53.0
87 110 54.0
87 109 55.0
87 2 56.0
87 11 57.0
87 56 58.0
87 58 59.0
87 60 60.0
87 141 61.0
88 146 45.0
88 107 46.0
88 18 47.0
88 17 48.0
88 16 49.0
88 15 50.0
88 14 51.0
88 13 52.0
88 12 53.0
88 11 54.0
88 56 55.0
88 58 56.0
88 60 57.0
88 141 58.0
92 138 47.0
92 136 48.0
92 105 49.0
92 104 50.0
92 102 51.0
92 114 52.0
92 113 53.0
92 112 54.0
92 111 55.0
92 110 56.0
92 109 57.0
92 2 58.0
92 11 59.0
92 56 60.0
92 58 61.0
92 60 62.0
92 141 63.0
95 140 46.0
95 93 47.0
95 92 48.0
95 91 49.0
95 90 50.0
95 89 51.0
95 88 52.0
95 87 53.0
95 41 54.0
95 42 55.0
95 48 56.0
95 61 57.0
95 62 58.0
95 63 59.0
95 54 60.0
95 143 61.0
96 144 48.0
96 68 49.0
96 67 50.0
96 66 51.0
96 65 52.0
96 49 53.0
96 50 54.0
96 47 55.0
96 53 56.0
96 40 57.0
96 34 58.0
96 35 59.0
96 81 60.0
96 82 61.0
96 83 62.0
96 84 63.0
96 85 64.0
96 86 65.0
96 139 66.0
97 138 49.0
97 136 50.0
97 105 51.0
97 104 52.0
97 134 53.0
97 133 54.0
97 132 55.0
97 131 56.0
97 130 57.0
97 129 58.0
97 128 59.0
97 9 60.0
97 19 61.0
97 108 62.0
97 145 63.0
;
param t_hat_lat:=
42 154 37.0
42 98 38.0
42 50 39.0
42 47 40.0
42 53 41.0
42 40 42.0
42 80 43.0
42 38 44.0
42 36 45.0
42 78 46.0
42 76 47.0
42 74 48.0
42 72 49.0
42 70 50.0
42 39 51.0
42 30 52.0
42 29 53.0
42 28 54.0
42 27 55.0
42 26 56.0
42 20 57.0
42 19 58.0
42 108 59.0
42 145 60.0
48 154 39.0
48 98 40.0
48 50 41.0
48 47 42.0
48 53 43.0
48 40 44.0
48 34 45.0
48 35 46.0
48 81 47.0
48 82 48.0
48 83 49.0
48 84 50.0
48 85 51.0
48 86 52.0
48 139 53.0
49 150 48.0
49 97 49.0
49 35 50.0
49 41 51.0
49 42 52.0
49 48 53.0
49 61 54.0
49 62 55.0
49 63 56.0
49 54 57.0
49 143 58.0
60 152 34.0
60 100 35.0
60 52 36.0
60 45 37.0
60 37 38.0
60 36 39.0
60 78 40.0
60 76 41.0
60 74 42.0
60 72 43.0
60 70 44.0
60 39 45.0
60 30 46.0
60 29 47.0
60 28 48.0
60 27 49.0
60 26 50.0
60 20 51.0
60 19 52.0
60 108 53.24
60 145 54.0
61 154 49.0
61 98 50.0
61 50 51.0
61 47 52.0
61 53 53.0
61 40 54.0
61 34 55.0
61 35 56.0
61 81 57.0
61 82 58.0
61 83 59.0
61 84 60.0
61 85 61.0
61 86 62.0
61 139 63.0
66 152 40.0
66 100 41.0
66 52 42.0
66 45 43.0
66 44 44.0
66 46 45.0
66 47 46.0
66 48 47.0
66 61 48.0
66 62 49.0
66 63 50.0
66 54 51.0
66 143 52.0
67 146 34.0
67 107 35.0
67 18 36.0
67 8 37.0
67 9 38.0
67 10 39.0
67 21 40.0
67 22 41.0
67 23 42.0
67 24 43.0
67 25 44.0
67 33 45.0
67 69 46.0
67 71 47.0
67 73 48.0
67 75 49.0
67 77 50.0
67 31 51.0
67 94 52.0
67 147 53.0
68 138 37.0
68 136 38.0
68 105 39.0
68 104 40.0
68 102 41.0
68 114 42.0
68 113 43.0
68 112 44.0
68 111 45.0
68 110 46.0
68 109 47.0
68 2 48.0
68 11 49.0
68 56 50.0
68 58 51.0
68 60 52.0
68 141 53.0
69 150 50.0
69 97 51.0
69 35 52.0
69 81 53.0
69 82 54.0
69 83 55.0
69 84 56.0
69 85 57.0
69 86 58.0
69 139 59.0
70 140 39.0
70 93 40.0
70 92 41.0
70 91 42.0
70 90 43.0
70 89 44.0
70 88 45.0
70 87 46.0
70 41 47.0
70 42 48.0
70 48 49.0
70 49 50.0
70 99 51.0
70 153 52.0
74 154 47.0
74 98 48.0
74 50 49.0
74 64 50.0
74 51 51.0
74 52 52.0
74 45 53.0
74 37 54.0
74 36 55.0
74 31 56.0
74 94 57.0
74 147 58.0
75 150 46.0
75 97 47.0
75 35 48.0
75 41 49.0
75 40 50.0
75 80 51.0
75 38 52.0
75 43 53.0
75 44 54.0
75 51 55.0
75 101 56.0
75 151 57.0
79 146 36.0
79 107 37.0
79 18 38.0
79 8 39.0
79 9 40.0
79 10 41.0
79 21 42.0
79 22 43.0
79 23 44.0
79 24 45.0
79 25 46.0
79 33 47.0
79 69 48.0
79 71 49.0
79 73 50.0
79 75 51.0
79 77 52.0
79 31 53.0
79 32 54.0
79 38 55.0
79 43 56.0
79 44 57.0
79 51 58.0
79 101 59.0
79 151 60.0
80 148 49.0
80 95 50.0
80 32 51.0
80 79 52.0
80 34 53.0
80 35 54.0
80 81 55.0
80 82 56.0
80 83 57.0
80 84 58.0
80 85 59.0
80 86 60.0
80 139 61.0
81 142 41.0
81 59 42.0
81 57 43.0
81 55 44.0
81 106 45.0
81 1 46.0
81 121 47.0
81 122 48.0
81 123 49.0
81 124 50.0
81 125 51.0
81 126 52.0
81 127 53.0
81 103 54.0
81 135 55.0
81 137 56.0
82 148 43.0
82 95 44.0
82 32 45.0
82 38 46.0
82 43 47.0
82 44 48.0
82 46 49.0
82 47 50.0
82 48 51.0
82 49 52.0
82 99 53.0
82 153 54.0
83 142 50.0
83 59 51.0
83 57 52.0
83 55 53.0
83 106 54.0
83 1 55.0
83 121 56.0
83 122 57.0
83 123 58.0
83 124 59.0
83 125 60.0
83 126 61.0
83 127 62.0
83 103 63.0
83 135 64.0
83 137 65.0
85 152 48.0
85 100 49.0
85 52 50.0
85 45 51.0
85 44 52.0
85 46 53.0
85 47 54.0
85 48 55.0
85 49 56.0
85 99 57.0
85 153 58.0
86 138 41.0
86 136 42.0
86 105 43.0
86 104 44.0
86 102 45.0
86 114 46.0
86 113 47.0
86 112 48.0
86 111 49.0
86 110 50.0
86 109 51.0
86 2 52.0
86 11 53.0
86 56 54.0
86 58 55.0
86 60 56.0
86 141 57.0
87 138 46.0
87 136 47.0
87 105 48.0
87 104 49.0
87 102 50.0
87 114 51.0
87 113 52.0
87 112 53.0
87 111 54.0
87 110 55.0
87 109 56.0
87 2 57.0
87 11 58.0
87 56 59.0
87 58 60.0
87 60 61.0
87 141 62.0
88 146 46.0
88 107 47.0
88 18 48.0
88 17 49.0
88 16 50.0
88 15 51.0
88 14 52.0
88 13 53.0
88 12 54.0
88 11 55.0
88 56 56.0
88 58 57.0
88 60 58.0
88 141 59.0
92 138 48.0
92 136 49.0
92 105 50.0
92 104 51.0
92 102 52.0
92 114 53.0
92 113 54.0
92 112 55.0
92 111 56.0
92 110 57.0
92 109 58.0
92 2 59.0
92 11 60.0
92 56 61.0
92 58 62.0
92 60 63.0
92 141 64.0
95 140 47.0
95 93 48.0
95 92 49.0
95 91 50.0
95 90 51.0
95 89 52.0
95 88 53.0
95 87 54.0
95 41 55.0
95 42 56.0
95 48 57.0
95 61 58.0
95 62 59.0
95 63 60.0
95 54 61.0
95 143 62.0
96 144 49.0
96 68 50.0
96 67 51.0
96 66 52.0
96 65 53.0
96 49 54.0
96 50 55.0
96 47 56.0
96 53 57.0
96 40 58.0
96 34 59.0
96 35 60.0
96 81 61.0
96 82 62.0
96 83 63.0
96 84 64.0
96 85 65.0
96 86 66.0
96 139 67.0
97 138 50.0
97 136 51.0
97 105 52.0
97 104 53.0
97 134 54.0
97 133 55.0
97 132 56.0
97 131 57.0
97 130 58.0
97 129 59.0
97 128 60.0
97 9 61.0
97 19 62.0
97 108 63.0
97 145 64.0
;
param drifted_flight:= 60;
param drifted_wp:= 108;
set fixedFlights :=
42 154 98
42 98 50
42 50 47
42 47 53
42 53 40
42 40 80
42 80 38
42 38 36
42 36 78
42 78 76
42 76 74
42 74 72
42 72 70
42 70 39
42 39 30
42 30 29
42 29 28
42 28 27
42 27 26
42 26 20
42 20 19
42 19 108
42 108 145
48 154 98
48 98 50
48 50 47
48 47 53
48 53 40
48 40 34
48 34 35
48 35 81
48 81 82
48 82 83
48 83 84
48 84 85
48 85 86
48 86 139
49 150 97
49 97 35
49 35 41
49 41 42
49 42 48
49 48 61
49 61 62
49 62 63
49 63 54
49 54 143
60 152 100
60 100 52
60 52 45
60 45 37
60 37 36
60 36 78
60 78 76
60 76 74
60 74 72
60 72 70
60 70 39
60 39 30
60 30 29
60 29 28
60 28 27
60 27 26
60 26 20
60 20 19
60 19 108
60 108 145
61 154 98
61 98 50
61 50 47
61 47 53
61 53 40
61 40 34
61 34 35
61 35 81
61 81 82
61 82 83
61 83 84
61 84 85
61 85 86
61 86 139
66 152 100
66 100 52
66 52 45
66 45 44
66 44 46
66 46 47
66 47 48
66 48 61
66 61 62
66 62 63
66 63 54
66 54 143
67 146 107
67 107 18
67 18 8
67 8 9
67 9 10
67 10 21
67 21 22
67 22 23
67 23 24
67 24 25
67 25 33
67 33 69
67 69 71
67 71 73
67 73 75
67 75 77
67 77 31
67 31 94
67 94 147
68 138 136
68 136 105
68 105 104
68 104 102
68 102 114
68 114 113
68 113 112
68 112 111
68 111 110
68 110 109
68 109 2
68 2 11
68 11 56
68 56 58
68 58 60
68 60 141
69 150 97
69 97 35
69 35 81
69 81 82
69 82 83
69 83 84
69 84 85
69 85 86
69 86 139
70 140 93
70 93 92
70 92 91
70 91 90
70 90 89
70 89 88
70 88 87
70 87 41
70 41 42
70 42 48
70 48 49
70 49 99
70 99 153
74 154 98
74 98 50
74 50 64
74 64 51
74 51 52
74 52 45
74 45 37
74 37 36
74 36 31
74 31 94
74 94 147
75 150 97
75 97 35
75 35 41
75 41 40
75 40 80
75 80 38
75 38 43
75 43 44
75 44 51
75 51 101
75 101 151
79 146 107
79 107 18
79 18 8
79 8 9
79 9 10
79 10 21
79 21 22
79 22 23
79 23 24
79 24 25
79 25 33
79 33 69
79 69 71
79 71 73
79 73 75
79 75 77
79 77 31
79 31 32
79 32 38
79 38 43
79 43 44
79 44 51
79 51 101
79 101 151
80 148 95
80 95 32
80 32 79
80 79 34
80 34 35
80 35 81
80 81 82
80 82 83
80 83 84
80 84 85
80 85 86
80 86 139
81 142 59
81 59 57
81 57 55
81 55 106
81 106 1
81 1 121
81 121 122
81 122 123
81 123 124
81 124 125
81 125 126
81 126 127
81 127 103
81 103 135
81 135 137
82 148 95
82 95 32
82 32 38
82 38 43
82 43 44
82 44 46
82 46 47
82 47 48
82 48 49
82 49 99
82 99 153
83 142 59
83 59 57
83 57 55
83 55 106
83 106 1
83 1 121
83 121 122
83 122 123
83 123 124
83 124 125
83 125 126
83 126 127
83 127 103
83 103 135
83 135 137
85 152 100
85 100 52
85 52 45
85 45 44
85 44 46
85 46 47
85 47 48
85 48 49
85 49 99
85 99 153
86 138 136
86 136 105
86 105 104
86 104 102
86 102 114
86 114 113
86 113 112
86 112 111
86 111 110
86 110 109
86 109 2
86 2 11
86 11 56
86 56 58
86 58 60
86 60 141
87 138 136
87 136 105
87 105 104
87 104 102
87 102 114
87 114 113
87 113 112
87 112 111
87 111 110
87 110 109
87 109 2
87 2 11
87 11 56
87 56 58
87 58 60
87 60 141
88 146 107
88 107 18
88 18 17
88 17 16
88 16 15
88 15 14
88 14 13
88 13 12
88 12 11
88 11 56
88 56 58
88 58 60
88 60 141
92 138 136
92 136 105
92 105 104
92 104 102
92 102 114
92 114 113
92 113 112
92 112 111
92 111 110
92 110 109
92 109 2
92 2 11
92 11 56
92 56 58
92 58 60
92 60 141
95 140 93
95 93 92
95 92 91
95 91 90
95 90 89
95 89 88
95 88 87
95 87 41
95 41 42
95 42 48
95 48 61
95 61 62
95 62 63
95 63 54
95 54 143
96 144 68
96 68 67
96 67 66
96 66 65
96 65 49
96 49 50
96 50 47
96 47 53
96 53 40
96 40 34
96 34 35
96 35 81
96 81 82
96 82 83
96 83 84
96 84 85
96 85 86
96 86 139
97 138 136
97 136 105
97 105 104
97 104 134
97 134 133
97 133 132
97 132 131
97 131 130
97 130 129
97 129 128
97 128 9
97 9 19
97 19 108
97 108 145
;
set inFlight:=
42
48
49
60
61
66
67
68
69
70
74
75
79
80
81
82
83
85
86
87
88
92
95
96
97
;
param tini := 51.5;
