param nn:= 155;
set F:=
42
45
49
54
56
59
60
61
62
63
65
67
68
69
70
71
72
74
75
76
77
78
81
82
85
87
89
91
92
94
95
97
99
;
param: E: d:=
2 3 2.500000
3 4 2.500000
4 5 2.500000
5 6 2.500000
6 7 2.500000
7 0 2.500000
0 8 2.500000
9 10 2.500000
8 9 2.500000
12 11 2.500000
13 12 2.500000
14 13 2.500000
15 14 2.500000
16 15 2.500000
17 16 2.500000
18 17 2.500000
19 18 2.500000
20 19 2.500000
10 21 2.500000
21 22 2.500000
22 23 2.500000
23 24 2.500000
24 25 2.500000
26 20 2.500000
27 26 2.500000
28 27 2.500000
29 28 2.500000
30 29 2.500000
34 35 2.500000
36 31 2.500000
37 36 2.500000
41 40 2.500000
35 41 2.500000
41 42 2.500000
32 38 2.500000
38 43 2.500000
43 44 2.500000
45 37 2.500000
31 32 2.500000
45 44 2.500000
44 46 2.500000
46 47 2.500000
47 48 2.500000
42 48 2.500000
49 50 2.500000
51 52 2.500000
52 45 2.500000
44 51 2.500000
48 49 2.500000
50 47 2.500000
47 53 2.500000
53 40 2.500000
40 34 2.500000
54 143 1.500000
57 55 2.500000
56 58 2.500000
59 57 2.500000
58 60 2.500000
60 141 1.500000
142 59 1.500000
48 61 2.500000
61 62 2.500000
62 63 2.500000
66 65 2.500000
67 66 2.500000
68 67 2.500000
144 68 1.500000
2 1 2.500000
64 51 2.500000
63 54 2.500000
65 49 2.500000
50 64 2.500000
25 33 2.500000
33 69 2.500000
69 71 2.500000
71 73 2.500000
73 75 2.500000
75 77 2.500000
77 31 2.500000
40 80 2.500000
80 38 2.500000
38 36 2.500000
36 78 2.500000
78 76 2.500000
76 74 2.500000
74 72 2.500000
72 70 2.500000
70 39 2.500000
39 30 2.500000
32 79 2.500000
79 34 2.500000
148 95 1.500000
94 147 1.500000
152 100 1.500000
101 151 1.500000
154 98 1.500000
99 153 1.500000
96 149 1.500000
150 97 1.500000
97 35 2.500000
95 32 2.500000
31 94 2.500000
34 96 2.500000
51 101 2.500000
100 52 2.500000
98 50 2.500000
49 99 2.500000
35 81 2.500000
81 82 2.500000
82 83 2.500000
83 84 2.500000
84 85 2.500000
85 86 2.500000
93 92 2.500000
92 91 2.500000
91 90 2.500000
90 89 2.500000
89 88 2.500000
88 87 2.500000
87 41 2.500000
86 139 1.500000
140 93 1.500000
108 145 1.500000
146 107 1.500000
11 56 2.500000
2 11 2.500000
107 18 2.500000
18 8 2.500000
9 19 2.500000
19 108 2.500000
55 106 2.500000
106 1 2.500000
1 121 2.500000
121 122 2.500000
109 2 2.500000
110 109 2.500000
104 102 2.500000
102 114 2.500000
115 102 2.500000
102 103 2.500000
105 104 2.500000
104 134 2.500000
134 133 2.500000
103 105 2.500000
116 115 2.500000
8 117 2.500000
117 118 2.500000
118 119 2.500000
119 120 2.500000
120 116 2.500000
133 132 2.500000
132 131 2.500000
131 130 2.500000
130 129 2.500000
129 128 2.500000
128 9 2.500000
122 123 2.500000
123 124 2.500000
124 125 2.500000
125 126 2.500000
126 127 2.500000
127 103 2.500000
114 113 2.500000
113 112 2.500000
112 111 2.500000
111 110 2.500000
103 135 2.500000
135 137 1.500000
138 136 1.500000
136 105 2.500000
;
param s:=
42 150
45 148
49 148
54 154
56 146
59 150
60 150
61 150
62 142
63 146
65 152
67 154
68 138
69 146
70 150
71 138
72 140
74 144
75 146
76 142
77 152
78 150
81 142
82 146
85 144
87 142
89 144
91 148
92 142
94 140
95 142
97 146
99 146
;
param e:=
42 145
45 153
49 145
54 145
56 149
59 151
60 143
61 143
62 137
63 149
65 143
67 143
68 141
69 137
70 151
71 145
72 149
74 147
75 147
76 137
77 143
78 143
81 137
82 141
85 153
87 137
89 149
91 139
92 137
94 153
95 137
97 149
99 137
;
param v_min:=2.375
;
param v_max:=2.625 
;
param :conflictsNodes: angle:=
0 7 8 1.000000
0 8 7 1.000000
1 2 121 1.154701
1 121 2 1.154701
1 2 106 1.000000
1 106 2 1.000000
1 106 121 1.000000
1 121 106 1.000000
2 3 11 1.000000
2 11 3 1.000000
2 3 109 1.154701
2 109 3 1.154701
2 1 3 1.000000
2 3 1 1.000000
2 1 11 1.000000
2 11 1 1.000000
2 1 109 1.000000
2 109 1 1.000000
2 11 109 1.000000
2 109 11 1.000000
3 2 4 1.000000
3 4 2 1.000000
4 3 5 1.000000
4 5 3 1.000000
5 4 6 1.000000
5 6 4 1.000000
6 5 7 1.000000
6 7 5 1.000000
7 0 6 1.000000
7 6 0 1.000000
8 0 9 1.000000
8 9 0 1.000000
8 0 117 1.154701
8 117 0 1.154701
8 0 18 1.000000
8 18 0 1.000000
8 9 117 1.000000
8 117 9 1.000000
8 9 18 1.000000
8 18 9 1.000000
8 18 117 1.000000
8 117 18 1.000000
9 8 10 1.000000
9 10 8 1.000000
9 8 19 1.000000
9 19 8 1.000000
9 8 128 1.154701
9 128 8 1.154701
9 10 19 1.000000
9 19 10 1.000000
9 10 128 1.000000
9 128 10 1.000000
9 19 128 1.000000
9 128 19 1.000000
10 9 21 1.000000
10 21 9 1.000000
11 2 12 1.000000
11 12 2 1.000000
11 2 56 1.000000
11 56 2 1.000000
11 12 56 1.000000
11 56 12 1.000000
12 11 13 1.000000
12 13 11 1.000000
13 12 14 1.000000
13 14 12 1.000000
14 13 15 1.000000
14 15 13 1.000000
15 14 16 1.000000
15 16 14 1.000000
16 15 17 1.000000
16 17 15 1.000000
17 16 18 1.000000
17 18 16 1.000000
18 17 19 1.000000
18 19 17 1.000000
18 17 107 1.000000
18 107 17 1.000000
18 8 17 1.000000
18 17 8 1.000000
18 8 19 1.000000
18 19 8 1.000000
18 8 107 1.000000
18 107 8 1.000000
18 19 107 1.000000
18 107 19 1.000000
19 9 18 1.000000
19 18 9 1.000000
19 9 108 1.000000
19 108 9 1.000000
19 9 20 1.000000
19 20 9 1.000000
19 18 108 1.000000
19 108 18 1.000000
19 18 20 1.000000
19 20 18 1.000000
19 20 108 1.000000
19 108 20 1.000000
20 19 26 1.000000
20 26 19 1.000000
21 10 22 1.000000
21 22 10 1.000000
22 21 23 1.000000
22 23 21 1.000000
23 22 24 1.000000
23 24 22 1.000000
24 23 25 1.000000
24 25 23 1.000000
25 24 33 1.000000
25 33 24 1.000000
26 20 27 1.000000
26 27 20 1.000000
27 26 28 1.000000
27 28 26 1.000000
28 27 29 1.000000
28 29 27 1.000000
29 28 30 1.000000
29 30 28 1.000000
30 29 39 1.000000
30 39 29 1.000000
31 36 94 1.000000
31 94 36 1.000000
31 36 77 1.000000
31 77 36 1.000000
31 32 36 1.000000
31 36 32 1.000000
31 32 94 1.000000
31 94 32 1.000000
31 32 77 1.000000
31 77 32 1.000000
31 77 94 1.000000
31 94 77 1.000000
32 31 38 1.000000
32 38 31 1.000000
32 31 79 1.000000
32 79 31 1.000000
32 31 95 1.000000
32 95 31 1.000000
32 38 79 1.000000
32 79 38 1.000000
32 38 95 1.000000
32 95 38 1.000000
32 79 95 1.000000
32 95 79 1.000000
33 25 69 1.000000
33 69 25 1.000000
34 35 96 1.000000
34 96 35 1.000000
34 35 40 1.000000
34 40 35 1.000000
34 35 79 1.000000
34 79 35 1.000000
34 40 96 1.000000
34 96 40 1.000000
34 40 79 1.000000
34 79 40 1.000000
34 79 96 1.000000
34 96 79 1.000000
35 34 41 1.000000
35 41 34 1.000000
35 34 81 1.000000
35 81 34 1.000000
35 34 97 1.000000
35 97 34 1.000000
35 41 81 1.000000
35 81 41 1.000000
35 41 97 1.000000
35 97 41 1.000000
35 81 97 1.189773
35 97 81 1.189773
36 31 78 1.000000
36 78 31 1.000000
36 31 37 1.000000
36 37 31 1.000000
36 31 38 1.000000
36 38 31 1.000000
36 37 78 1.000000
36 78 37 1.000000
36 37 38 1.000000
36 38 37 1.000000
36 38 78 1.000000
36 78 38 1.000000
37 36 45 1.000000
37 45 36 1.000000
38 32 43 1.000000
38 43 32 1.000000
38 32 36 1.000000
38 36 32 1.000000
38 32 80 1.000000
38 80 32 1.000000
38 43 80 1.000000
38 80 43 1.000000
38 36 43 1.000000
38 43 36 1.000000
38 36 80 1.000000
38 80 36 1.000000
39 30 70 1.000000
39 70 30 1.000000
40 41 80 1.000000
40 80 41 1.000000
40 41 53 1.000000
40 53 41 1.000000
40 34 41 1.000000
40 41 34 1.000000
40 34 80 1.000000
40 80 34 1.000000
40 34 53 1.000000
40 53 34 1.000000
40 53 80 1.000000
40 80 53 1.000000
41 35 40 1.000000
41 40 35 1.000000
41 35 42 1.000000
41 42 35 1.000000
41 35 87 1.189773
41 87 35 1.189773
41 40 42 1.000000
41 42 40 1.000000
41 40 87 1.000000
41 87 40 1.000000
41 42 87 1.000000
41 87 42 1.000000
42 41 48 1.000000
42 48 41 1.000000
43 38 44 1.000000
43 44 38 1.000000
44 43 46 1.000000
44 46 43 1.000000
44 43 51 1.000000
44 51 43 1.000000
44 43 45 1.000000
44 45 43 1.000000
44 46 51 1.000000
44 51 46 1.000000
44 45 46 1.000000
44 46 45 1.000000
44 45 51 1.000000
44 51 45 1.000000
45 37 44 1.000000
45 44 37 1.000000
45 37 52 1.000000
45 52 37 1.000000
45 44 52 1.000000
45 52 44 1.000000
46 44 47 1.000000
46 47 44 1.000000
47 46 48 1.000000
47 48 46 1.000000
47 46 53 1.000000
47 53 46 1.000000
47 46 50 1.000000
47 50 46 1.000000
47 48 53 1.000000
47 53 48 1.000000
47 48 50 1.000000
47 50 48 1.000000
47 50 53 1.000000
47 53 50 1.000000
48 42 47 1.000000
48 47 42 1.000000
48 42 49 1.000000
48 49 42 1.000000
48 42 61 1.000000
48 61 42 1.000000
48 47 49 1.000000
48 49 47 1.000000
48 47 61 1.000000
48 61 47 1.000000
48 49 61 1.000000
48 61 49 1.000000
49 48 50 1.000000
49 50 48 1.000000
49 48 99 1.000000
49 99 48 1.000000
49 48 65 1.000000
49 65 48 1.000000
49 50 99 1.000000
49 99 50 1.000000
49 50 65 1.000000
49 65 50 1.000000
49 65 99 1.000000
49 99 65 1.000000
50 49 64 1.000000
50 64 49 1.000000
50 49 98 1.000000
50 98 49 1.000000
50 47 49 1.000000
50 49 47 1.000000
50 47 64 1.000000
50 64 47 1.000000
50 47 98 1.000000
50 98 47 1.000000
50 64 98 1.000000
50 98 64 1.000000
51 44 52 1.000000
51 52 44 1.000000
51 44 101 1.000000
51 101 44 1.000000
51 44 64 1.000000
51 64 44 1.000000
51 52 101 1.000000
51 101 52 1.000000
51 52 64 1.000000
51 64 52 1.000000
51 64 101 1.000000
51 101 64 1.000000
52 51 100 1.000000
52 100 51 1.000000
52 45 51 1.000000
52 51 45 1.000000
52 45 100 1.000000
52 100 45 1.000000
53 40 47 1.000000
53 47 40 1.000000
55 57 106 1.000000
55 106 57 1.000000
56 11 58 1.000000
56 58 11 1.000000
57 55 59 1.000000
57 59 55 1.000000
58 56 60 1.000000
58 60 56 1.000000
61 48 62 1.000000
61 62 48 1.000000
62 61 63 1.000000
62 63 61 1.000000
63 54 62 1.000000
63 62 54 1.000000
64 50 51 1.000000
64 51 50 1.000000
65 49 66 1.000000
65 66 49 1.000000
66 65 67 1.000000
66 67 65 1.000000
67 66 68 1.000000
67 68 66 1.000000
69 33 71 1.000000
69 71 33 1.000000
70 39 72 1.000000
70 72 39 1.000000
71 69 73 1.000000
71 73 69 1.000000
72 70 74 1.000000
72 74 70 1.000000
73 71 75 1.000000
73 75 71 1.000000
74 72 76 1.000000
74 76 72 1.000000
75 73 77 1.000000
75 77 73 1.000000
76 74 78 1.000000
76 78 74 1.000000
77 31 75 1.000000
77 75 31 1.000000
78 36 76 1.000000
78 76 36 1.000000
79 32 34 1.000000
79 34 32 1.000000
80 38 40 1.000000
80 40 38 1.000000
81 35 82 1.000000
81 82 35 1.000000
82 81 83 1.000000
82 83 81 1.000000
83 82 84 1.000000
83 84 82 1.000000
84 83 85 1.000000
84 85 83 1.000000
85 84 86 1.000000
85 86 84 1.000000
87 41 88 1.000000
87 88 41 1.000000
88 87 89 1.000000
88 89 87 1.000000
89 88 90 1.000000
89 90 88 1.000000
90 89 91 1.000000
90 91 89 1.000000
91 90 92 1.000000
91 92 90 1.000000
92 91 93 1.000000
92 93 91 1.000000
102 104 114 1.000000
102 114 104 1.000000
102 104 115 1.000000
102 115 104 1.000000
102 114 115 1.154701
102 115 114 1.154701
102 103 104 1.154701
102 104 103 1.154701
102 103 114 1.000000
102 114 103 1.000000
102 103 115 1.000000
102 115 103 1.000000
103 102 105 1.000000
103 105 102 1.000000
103 102 135 1.000000
103 135 102 1.000000
103 102 127 1.154701
103 127 102 1.154701
103 105 135 1.154701
103 135 105 1.154701
103 105 127 1.000000
103 127 105 1.000000
103 127 135 1.000000
103 135 127 1.000000
104 102 134 1.154701
104 134 102 1.154701
104 102 105 1.000000
104 105 102 1.000000
104 105 134 1.000000
104 134 105 1.000000
105 103 104 1.154701
105 104 103 1.154701
105 103 136 1.000000
105 136 103 1.000000
105 104 136 1.000000
105 136 104 1.000000
106 1 55 1.000000
106 55 1 1.000000
109 2 110 1.000000
109 110 2 1.000000
110 109 111 1.000000
110 111 109 1.000000
111 110 112 1.000000
111 112 110 1.000000
112 111 113 1.000000
112 113 111 1.000000
113 112 114 1.000000
113 114 112 1.000000
114 102 113 1.000000
114 113 102 1.000000
115 102 116 1.000000
115 116 102 1.000000
116 115 120 1.000000
116 120 115 1.000000
117 8 118 1.000000
117 118 8 1.000000
118 117 119 1.000000
118 119 117 1.000000
119 118 120 1.000000
119 120 118 1.000000
120 116 119 1.000000
120 119 116 1.000000
121 1 122 1.000000
121 122 1 1.000000
122 121 123 1.000000
122 123 121 1.000000
123 122 124 1.000000
123 124 122 1.000000
124 123 125 1.000000
124 125 123 1.000000
125 124 126 1.000000
125 126 124 1.000000
126 125 127 1.000000
126 127 125 1.000000
127 103 126 1.000000
127 126 103 1.000000
128 9 129 1.000000
128 129 9 1.000000
129 128 130 1.000000
129 130 128 1.000000
130 129 131 1.000000
130 131 129 1.000000
131 130 132 1.000000
131 132 130 1.000000
132 131 133 1.000000
132 133 131 1.000000
133 132 134 1.000000
133 134 132 1.000000
134 104 133 1.000000
134 133 104 1.000000
;
param D:=0.5;
param t_hat_ear:=
42 150 39.0
42 97 40.0
42 35 41.0
42 41 42.0
42 40 43.0
42 80 44.0
42 38 45.0
42 36 46.0
42 78 46.56
42 76 48.0
42 74 49.0
42 72 50.0
42 70 51.0
42 39 52.0
42 30 53.0
42 29 54.0
42 28 55.0
42 27 56.0
42 26 57.0
42 20 58.0
42 19 59.0
42 108 60.0
42 145 61.0
45 148 37.0
45 95 38.0
45 32 39.0
45 38 40.0
45 43 41.0
45 44 42.0
45 46 43.0
45 47 44.0
45 48 45.0
45 49 46.0
45 99 47.0
45 153 48.0
49 148 27.0
49 95 28.0
49 32 29.0
49 38 30.0
49 36 31.0
49 78 32.0
49 76 33.0
49 74 34.0
49 72 35.0
49 70 36.0
49 39 37.0
49 30 38.0
49 29 39.0
49 28 40.0
49 27 41.0
49 26 42.0
49 20 43.0
49 19 44.0
49 108 45.0
49 145 46.0
54 154 27.0
54 98 28.0
54 50 29.0
54 47 30.0
54 53 31.0
54 40 32.0
54 80 33.0
54 38 34.0
54 36 35.0
54 78 36.0
54 76 37.0
54 74 38.0
54 72 39.0
54 70 40.0
54 39 41.0
54 30 42.0
54 29 43.0
54 28 44.0
54 27 45.0
54 26 46.0
54 20 47.0
54 19 48.0
54 108 49.0
54 145 50.0
56 146 29.0
56 107 30.0
56 18 31.0
56 8 32.0
56 9 33.0
56 10 34.0
56 21 35.0
56 22 36.0
56 23 37.0
56 24 38.0
56 25 39.0
56 33 40.0
56 69 41.0
56 71 42.0
56 73 43.0
56 75 44.0
56 77 45.0
56 31 46.0
56 32 47.0
56 79 48.0
56 34 49.0
56 96 50.0
56 149 51.0
59 150 37.0
59 97 38.0
59 35 39.0
59 41 40.0
59 40 41.0
59 80 42.0
59 38 43.0
59 43 44.0
59 44 45.0
59 51 46.0
59 101 47.0
59 151 48.0
60 150 43.0
60 97 44.0
60 35 45.0
60 41 46.0
60 42 47.0
60 48 48.0
60 61 49.0
60 62 50.0
60 63 51.0
60 54 52.0
60 143 53.0
61 150 46.1
61 97 46.0
61 35 47.0
61 41 48.0
61 42 49.0
61 48 50.0
61 61 51.0
61 62 52.0
61 63 53.0
61 54 54.0
61 143 55.0
62 142 31.0
62 59 32.0
62 57 33.0
62 55 34.0
62 106 35.0
62 1 36.0
62 121 37.0
62 122 38.0
62 123 39.0
62 124 40.0
62 125 41.0
62 126 42.0
62 127 43.0
62 103 44.0
62 135 45.0
62 137 46.0
63 146 39.0
63 107 40.0
63 18 41.0
63 8 42.0
63 9 43.0
63 10 44.0
63 21 45.0
63 22 46.0
63 23 47.0
63 24 48.0
63 25 49.0
63 33 50.0
63 69 51.0
63 71 52.0
63 73 53.0
63 75 54.0
63 77 55.0
63 31 56.0
63 32 57.0
63 79 58.0
63 34 59.0
63 96 60.0
63 149 61.0
65 152 49.0
65 100 50.0
65 52 51.0
65 45 52.0
65 44 53.0
65 46 54.0
65 47 55.0
65 48 56.0
65 61 57.0
65 62 58.0
65 63 59.0
65 54 60.0
65 143 61.0
67 154 48.0
67 98 49.0
67 50 50.0
67 47 51.0
67 48 52.0
67 61 53.0
67 62 54.0
67 63 55.0
67 54 56.0
67 143 57.0
68 138 32.0
68 136 33.0
68 105 34.0
68 104 35.0
68 102 36.0
68 114 37.0
68 113 38.0
68 112 39.0
68 111 40.0
68 110 41.0
68 109 42.0
68 2 43.0
68 11 44.0
68 56 45.0
68 58 46.0
68 60 47.0
68 141 48.0
69 146 37.0
69 107 38.0
69 18 39.0
69 8 40.0
69 117 41.0
69 118 42.0
69 119 43.0
69 120 44.0
69 116 45.0
69 115 46.0
69 102 47.0
69 103 48.0
69 135 49.0
69 137 50.0
70 150 47.0
70 97 48.0
70 35 49.0
70 41 50.0
70 40 51.0
70 80 52.0
70 38 53.0
70 43 54.0
70 44 55.0
70 51 56.0
70 101 57.0
70 151 58.0
71 138 34.0
71 136 35.0
71 105 36.0
71 104 37.0
71 134 38.0
71 133 39.0
71 132 40.0
71 131 41.0
71 130 42.0
71 129 43.0
71 128 44.0
71 9 45.0
71 19 46.0
71 108 47.0
71 145 48.0
72 140 36.0
72 93 37.0
72 92 38.0
72 91 39.0
72 90 40.0
72 89 41.0
72 88 42.0
72 87 43.0
72 41 44.0
72 40 45.0
72 34 46.0
72 96 47.0
72 149 48.0
74 144 39.0
74 68 40.0
74 67 41.0
74 66 42.0
74 65 43.0
74 49 44.0
74 50 45.0
74 47 46.0
74 53 47.0
74 40 48.0
74 80 49.0
74 38 50.0
74 36 51.0
74 31 52.0
74 94 53.0
74 147 54.0
75 146 31.0
75 107 32.0
75 18 33.0
75 8 34.0
75 9 35.0
75 10 36.0
75 21 37.0
75 22 38.0
75 23 39.0
75 24 40.0
75 25 41.0
75 33 42.0
75 69 43.0
75 71 44.0
75 73 45.0
75 75 46.0
75 77 47.0
75 31 48.0
75 94 49.0
75 147 50.0
76 142 39.0
76 59 40.0
76 57 41.0
76 55 42.0
76 106 43.0
76 1 44.0
76 121 45.0
76 122 46.0
76 123 47.0
76 124 48.0
76 125 49.0
76 126 50.0
76 127 51.0
76 103 52.0
76 135 53.0
76 137 54.0
77 152 36.0
77 100 37.0
77 52 38.0
77 45 39.0
77 44 40.0
77 46 41.0
77 47 42.0
77 48 43.0
77 61 44.0
77 62 45.0
77 63 46.0
77 54 47.0
77 143 48.0
78 150 49.0
78 97 50.0
78 35 51.0
78 41 52.0
78 42 53.0
78 48 54.0
78 61 55.0
78 62 56.0
78 63 57.0
78 54 58.0
78 143 59.0
81 142 41.0
81 59 42.0
81 57 43.0
81 55 44.0
81 106 45.0
81 1 46.0
81 121 47.0
81 122 48.0
81 123 49.0
81 124 50.0
81 125 51.0
81 126 52.0
81 127 53.0
81 103 54.0
81 135 55.0
81 137 56.0
82 146 41.0
82 107 42.0
82 18 43.0
82 17 44.0
82 16 45.0
82 15 46.0
82 14 47.0
82 13 48.0
82 12 49.0
82 11 50.0
82 56 51.0
82 58 52.0
82 60 53.0
82 141 54.0
85 144 49.0
85 68 50.0
85 67 51.0
85 66 52.0
85 65 53.0
85 49 54.0
85 99 55.0
85 153 56.0
87 142 43.0
87 59 44.0
87 57 45.0
87 55 46.0
87 106 47.0
87 1 48.0
87 121 49.0
87 122 50.0
87 123 51.0
87 124 52.0
87 125 53.0
87 126 54.0
87 127 55.0
87 103 56.0
87 135 57.0
87 137 58.0
89 144 46.0
89 68 47.0
89 67 48.0
89 66 49.0
89 65 50.0
89 49 51.0
89 50 52.0
89 47 53.0
89 53 54.0
89 40 55.0
89 34 56.0
89 96 57.0
89 149 58.0
91 148 48.0
91 95 49.0
91 32 50.0
91 79 51.0
91 34 52.0
91 35 53.0
91 81 54.0
91 82 55.0
91 83 56.0
91 84 57.0
91 85 58.0
91 86 59.0
91 139 60.0
92 142 49.0
92 59 50.0
92 57 51.0
92 55 52.0
92 106 53.0
92 1 54.0
92 121 55.0
92 122 56.0
92 123 57.0
92 124 58.0
92 125 59.0
92 126 60.0
92 127 61.0
92 103 62.0
92 135 63.0
92 137 64.0
94 140 48.0
94 93 49.0
94 92 50.0
94 91 51.0
94 90 52.0
94 89 53.0
94 88 54.0
94 87 55.0
94 41 56.0
94 42 57.0
94 48 58.0
94 49 59.0
94 99 60.0
94 153 61.0
95 142 47.0
95 59 48.0
95 57 49.0
95 55 50.0
95 106 51.0
95 1 52.0
95 121 53.0
95 122 54.0
95 123 55.0
95 124 56.0
95 125 57.0
95 126 58.0
95 127 59.0
95 103 60.0
95 135 61.0
95 137 62.0
97 146 49.0
97 107 50.0
97 18 51.0
97 8 52.0
97 9 53.0
97 10 54.0
97 21 55.0
97 22 56.0
97 23 57.0
97 24 58.0
97 25 59.0
97 33 60.0
97 69 61.0
97 71 62.0
97 73 63.0
97 75 64.0
97 77 65.0
97 31 66.0
97 32 67.0
97 79 68.0
97 34 69.0
97 96 70.0
97 149 71.0
99 146 47.0
99 107 48.0
99 18 49.0
99 8 50.0
99 117 51.0
99 118 52.0
99 119 53.0
99 120 54.0
99 116 55.0
99 115 56.0
99 102 57.0
99 103 58.0
99 135 59.0
99 137 60.0
;
param t_hat_lat:=
42 150 40.0
42 97 41.0
42 35 42.0
42 41 43.0
42 40 44.0
42 80 45.0
42 38 46.0
42 36 47.0
42 78 47.56
42 76 49.0
42 74 50.0
42 72 51.0
42 70 52.0
42 39 53.0
42 30 54.0
42 29 55.0
42 28 56.0
42 27 57.0
42 26 58.0
42 20 59.0
42 19 60.0
42 108 61.0
42 145 62.0
45 148 38.0
45 95 39.0
45 32 40.0
45 38 41.0
45 43 42.0
45 44 43.0
45 46 44.0
45 47 45.0
45 48 46.0
45 49 47.0
45 99 48.0
45 153 49.0
49 148 28.0
49 95 29.0
49 32 30.0
49 38 31.0
49 36 32.0
49 78 33.0
49 76 34.0
49 74 35.0
49 72 36.0
49 70 37.0
49 39 38.0
49 30 39.0
49 29 40.0
49 28 41.0
49 27 42.0
49 26 43.0
49 20 44.0
49 19 45.0
49 108 46.0
49 145 47.0
54 154 28.0
54 98 29.0
54 50 30.0
54 47 31.0
54 53 32.0
54 40 33.0
54 80 34.0
54 38 35.0
54 36 36.0
54 78 37.0
54 76 38.0
54 74 39.0
54 72 40.0
54 70 41.0
54 39 42.0
54 30 43.0
54 29 44.0
54 28 45.0
54 27 46.0
54 26 47.0
54 20 48.0
54 19 49.0
54 108 50.0
54 145 51.0
56 146 30.0
56 107 31.0
56 18 32.0
56 8 33.0
56 9 34.0
56 10 35.0
56 21 36.0
56 22 37.0
56 23 38.0
56 24 39.0
56 25 40.0
56 33 41.0
56 69 42.0
56 71 43.0
56 73 44.0
56 75 45.0
56 77 46.0
56 31 47.0
56 32 48.0
56 79 49.0
56 34 50.0
56 96 51.0
56 149 52.0
59 150 38.0
59 97 39.0
59 35 40.0
59 41 41.0
59 40 42.0
59 80 43.0
59 38 44.0
59 43 45.0
59 44 46.0
59 51 47.0
59 101 48.0
59 151 49.0
60 150 44.0
60 97 45.0
60 35 46.0
60 41 47.0
60 42 48.0
60 48 49.0
60 61 50.0
60 62 51.0
60 63 52.0
60 54 53.0
60 143 54.0
61 150 47.099999999999994
61 97 47.0
61 35 48.0
61 41 49.0
61 42 50.0
61 48 51.0
61 61 52.0
61 62 53.0
61 63 54.0
61 54 55.0
61 143 56.0
62 142 32.0
62 59 33.0
62 57 34.0
62 55 35.0
62 106 36.0
62 1 37.0
62 121 38.0
62 122 39.0
62 123 40.0
62 124 41.0
62 125 42.0
62 126 43.0
62 127 44.0
62 103 45.0
62 135 46.0
62 137 47.0
63 146 40.0
63 107 41.0
63 18 42.0
63 8 43.0
63 9 44.0
63 10 45.0
63 21 46.0
63 22 47.0
63 23 48.0
63 24 49.0
63 25 50.0
63 33 51.0
63 69 52.0
63 71 53.0
63 73 54.0
63 75 55.0
63 77 56.0
63 31 57.0
63 32 58.0
63 79 59.0
63 34 60.0
63 96 61.0
63 149 62.0
65 152 50.0
65 100 51.0
65 52 52.0
65 45 53.0
65 44 54.0
65 46 55.0
65 47 56.0
65 48 57.0
65 61 58.0
65 62 59.0
65 63 60.0
65 54 61.0
65 143 62.0
67 154 49.0
67 98 50.0
67 50 51.0
67 47 52.0
67 48 53.0
67 61 54.0
67 62 55.0
67 63 56.0
67 54 57.0
67 143 58.0
68 138 33.0
68 136 34.0
68 105 35.0
68 104 36.0
68 102 37.0
68 114 38.0
68 113 39.0
68 112 40.0
68 111 41.0
68 110 42.0
68 109 43.0
68 2 44.0
68 11 45.0
68 56 46.0
68 58 47.0
68 60 48.0
68 141 49.0
69 146 38.0
69 107 39.0
69 18 40.0
69 8 41.0
69 117 42.0
69 118 43.0
69 119 44.0
69 120 45.0
69 116 46.0
69 115 47.0
69 102 48.0
69 103 49.0
69 135 50.0
69 137 51.0
70 150 48.0
70 97 49.0
70 35 50.0
70 41 51.0
70 40 52.0
70 80 53.0
70 38 54.0
70 43 55.0
70 44 56.0
70 51 57.0
70 101 58.0
70 151 59.0
71 138 35.0
71 136 36.0
71 105 37.0
71 104 38.0
71 134 39.0
71 133 40.0
71 132 41.0
71 131 42.0
71 130 43.0
71 129 44.0
71 128 45.0
71 9 46.0
71 19 47.0
71 108 48.0
71 145 49.0
72 140 37.0
72 93 38.0
72 92 39.0
72 91 40.0
72 90 41.0
72 89 42.0
72 88 43.0
72 87 44.0
72 41 45.0
72 40 46.0
72 34 47.0
72 96 48.0
72 149 49.0
74 144 40.0
74 68 41.0
74 67 42.0
74 66 43.0
74 65 44.0
74 49 45.0
74 50 46.0
74 47 47.0
74 53 48.0
74 40 49.0
74 80 50.0
74 38 51.0
74 36 52.0
74 31 53.0
74 94 54.0
74 147 55.0
75 146 32.0
75 107 33.0
75 18 34.0
75 8 35.0
75 9 36.0
75 10 37.0
75 21 38.0
75 22 39.0
75 23 40.0
75 24 41.0
75 25 42.0
75 33 43.0
75 69 44.0
75 71 45.0
75 73 46.0
75 75 47.0
75 77 48.0
75 31 49.0
75 94 50.0
75 147 51.0
76 142 40.0
76 59 41.0
76 57 42.0
76 55 43.0
76 106 44.0
76 1 45.0
76 121 46.0
76 122 47.0
76 123 48.0
76 124 49.0
76 125 50.0
76 126 51.0
76 127 52.0
76 103 53.0
76 135 54.0
76 137 55.0
77 152 37.0
77 100 38.0
77 52 39.0
77 45 40.0
77 44 41.0
77 46 42.0
77 47 43.0
77 48 44.0
77 61 45.0
77 62 46.0
77 63 47.0
77 54 48.0
77 143 49.0
78 150 50.0
78 97 51.0
78 35 52.0
78 41 53.0
78 42 54.0
78 48 55.0
78 61 56.0
78 62 57.0
78 63 58.0
78 54 59.0
78 143 60.0
81 142 42.0
81 59 43.0
81 57 44.0
81 55 45.0
81 106 46.0
81 1 47.0
81 121 48.0
81 122 49.0
81 123 50.0
81 124 51.0
81 125 52.0
81 126 53.0
81 127 54.0
81 103 55.0
81 135 56.0
81 137 57.0
82 146 42.0
82 107 43.0
82 18 44.0
82 17 45.0
82 16 46.0
82 15 47.0
82 14 48.0
82 13 49.0
82 12 50.0
82 11 51.0
82 56 52.0
82 58 53.0
82 60 54.0
82 141 55.0
85 144 50.0
85 68 51.0
85 67 52.0
85 66 53.0
85 65 54.0
85 49 55.0
85 99 56.0
85 153 57.0
87 142 44.0
87 59 45.0
87 57 46.0
87 55 47.0
87 106 48.0
87 1 49.0
87 121 50.0
87 122 51.0
87 123 52.0
87 124 53.0
87 125 54.0
87 126 55.0
87 127 56.0
87 103 57.0
87 135 58.0
87 137 59.0
89 144 47.0
89 68 48.0
89 67 49.0
89 66 50.0
89 65 51.0
89 49 52.0
89 50 53.0
89 47 54.0
89 53 55.0
89 40 56.0
89 34 57.0
89 96 58.0
89 149 59.0
91 148 49.0
91 95 50.0
91 32 51.0
91 79 52.0
91 34 53.0
91 35 54.0
91 81 55.0
91 82 56.0
91 83 57.0
91 84 58.0
91 85 59.0
91 86 60.0
91 139 61.0
92 142 50.0
92 59 51.0
92 57 52.0
92 55 53.0
92 106 54.0
92 1 55.0
92 121 56.0
92 122 57.0
92 123 58.0
92 124 59.0
92 125 60.0
92 126 61.0
92 127 62.0
92 103 63.0
92 135 64.0
92 137 65.0
94 140 49.0
94 93 50.0
94 92 51.0
94 91 52.0
94 90 53.0
94 89 54.0
94 88 55.0
94 87 56.0
94 41 57.0
94 42 58.0
94 48 59.0
94 49 60.0
94 99 61.0
94 153 62.0
95 142 48.0
95 59 49.0
95 57 50.0
95 55 51.0
95 106 52.0
95 1 53.0
95 121 54.0
95 122 55.0
95 123 56.0
95 124 57.0
95 125 58.0
95 126 59.0
95 127 60.0
95 103 61.0
95 135 62.0
95 137 63.0
97 146 50.0
97 107 51.0
97 18 52.0
97 8 53.0
97 9 54.0
97 10 55.0
97 21 56.0
97 22 57.0
97 23 58.0
97 24 59.0
97 25 60.0
97 33 61.0
97 69 62.0
97 71 63.0
97 73 64.0
97 75 65.0
97 77 66.0
97 31 67.0
97 32 68.0
97 79 69.0
97 34 70.0
97 96 71.0
97 149 72.0
99 146 48.0
99 107 49.0
99 18 50.0
99 8 51.0
99 117 52.0
99 118 53.0
99 119 54.0
99 120 55.0
99 116 56.0
99 115 57.0
99 102 58.0
99 103 59.0
99 135 60.0
99 137 61.0
;
param drifted_flight:= 42;
param drifted_wp:= 78;
set fixedFlights :=
42 150 97
42 97 35
42 35 41
42 41 40
42 40 80
42 80 38
42 38 36
42 36 78
42 78 76
42 76 74
42 74 72
42 72 70
42 70 39
42 39 30
42 30 29
42 29 28
42 28 27
42 27 26
42 26 20
42 20 19
42 19 108
42 108 145
45 148 95
45 95 32
45 32 38
45 38 43
45 43 44
45 44 46
45 46 47
45 47 48
45 48 49
45 49 99
45 99 153
49 148 95
49 95 32
49 32 38
49 38 36
49 36 78
49 78 76
49 76 74
49 74 72
49 72 70
49 70 39
49 39 30
49 30 29
49 29 28
49 28 27
49 27 26
49 26 20
49 20 19
49 19 108
49 108 145
54 154 98
54 98 50
54 50 47
54 47 53
54 53 40
54 40 80
54 80 38
54 38 36
54 36 78
54 78 76
54 76 74
54 74 72
54 72 70
54 70 39
54 39 30
54 30 29
54 29 28
54 28 27
54 27 26
54 26 20
54 20 19
54 19 108
54 108 145
56 146 107
56 107 18
56 18 8
56 8 9
56 9 10
56 10 21
56 21 22
56 22 23
56 23 24
56 24 25
56 25 33
56 33 69
56 69 71
56 71 73
56 73 75
56 75 77
56 77 31
56 31 32
56 32 79
56 79 34
56 34 96
56 96 149
59 150 97
59 97 35
59 35 41
59 41 40
59 40 80
59 80 38
59 38 43
59 43 44
59 44 51
59 51 101
59 101 151
60 150 97
60 97 35
60 35 41
60 41 42
60 42 48
60 48 61
60 61 62
60 62 63
60 63 54
60 54 143
62 142 59
62 59 57
62 57 55
62 55 106
62 106 1
62 1 121
62 121 122
62 122 123
62 123 124
62 124 125
62 125 126
62 126 127
62 127 103
62 103 135
62 135 137
63 146 107
63 107 18
63 18 8
63 8 9
63 9 10
63 10 21
63 21 22
63 22 23
63 23 24
63 24 25
63 25 33
63 33 69
63 69 71
63 71 73
63 73 75
63 75 77
63 77 31
63 31 32
63 32 79
63 79 34
63 34 96
63 96 149
65 152 100
65 100 52
65 52 45
65 45 44
65 44 46
65 46 47
65 47 48
65 48 61
65 61 62
65 62 63
65 63 54
65 54 143
67 154 98
67 98 50
67 50 47
67 47 48
67 48 61
67 61 62
67 62 63
67 63 54
67 54 143
68 138 136
68 136 105
68 105 104
68 104 102
68 102 114
68 114 113
68 113 112
68 112 111
68 111 110
68 110 109
68 109 2
68 2 11
68 11 56
68 56 58
68 58 60
68 60 141
69 146 107
69 107 18
69 18 8
69 8 117
69 117 118
69 118 119
69 119 120
69 120 116
69 116 115
69 115 102
69 102 103
69 103 135
69 135 137
70 150 97
70 97 35
70 35 41
70 41 40
70 40 80
70 80 38
70 38 43
70 43 44
70 44 51
70 51 101
70 101 151
71 138 136
71 136 105
71 105 104
71 104 134
71 134 133
71 133 132
71 132 131
71 131 130
71 130 129
71 129 128
71 128 9
71 9 19
71 19 108
71 108 145
72 140 93
72 93 92
72 92 91
72 91 90
72 90 89
72 89 88
72 88 87
72 87 41
72 41 40
72 40 34
72 34 96
72 96 149
74 144 68
74 68 67
74 67 66
74 66 65
74 65 49
74 49 50
74 50 47
74 47 53
74 53 40
74 40 80
74 80 38
74 38 36
74 36 31
74 31 94
74 94 147
75 146 107
75 107 18
75 18 8
75 8 9
75 9 10
75 10 21
75 21 22
75 22 23
75 23 24
75 24 25
75 25 33
75 33 69
75 69 71
75 71 73
75 73 75
75 75 77
75 77 31
75 31 94
75 94 147
76 142 59
76 59 57
76 57 55
76 55 106
76 106 1
76 1 121
76 121 122
76 122 123
76 123 124
76 124 125
76 125 126
76 126 127
76 127 103
76 103 135
76 135 137
77 152 100
77 100 52
77 52 45
77 45 44
77 44 46
77 46 47
77 47 48
77 48 61
77 61 62
77 62 63
77 63 54
77 54 143
78 150 97
78 97 35
78 35 41
78 41 42
78 42 48
78 48 61
78 61 62
78 62 63
78 63 54
78 54 143
81 142 59
81 59 57
81 57 55
81 55 106
81 106 1
81 1 121
81 121 122
81 122 123
81 123 124
81 124 125
81 125 126
81 126 127
81 127 103
81 103 135
81 135 137
82 146 107
82 107 18
82 18 17
82 17 16
82 16 15
82 15 14
82 14 13
82 13 12
82 12 11
82 11 56
82 56 58
82 58 60
82 60 141
85 144 68
85 68 67
85 67 66
85 66 65
85 65 49
85 49 99
85 99 153
87 142 59
87 59 57
87 57 55
87 55 106
87 106 1
87 1 121
87 121 122
87 122 123
87 123 124
87 124 125
87 125 126
87 126 127
87 127 103
87 103 135
87 135 137
89 144 68
89 68 67
89 67 66
89 66 65
89 65 49
89 49 50
89 50 47
89 47 53
89 53 40
89 40 34
89 34 96
89 96 149
91 148 95
91 95 32
91 32 79
91 79 34
91 34 35
91 35 81
91 81 82
91 82 83
91 83 84
91 84 85
91 85 86
91 86 139
92 142 59
92 59 57
92 57 55
92 55 106
92 106 1
92 1 121
92 121 122
92 122 123
92 123 124
92 124 125
92 125 126
92 126 127
92 127 103
92 103 135
92 135 137
94 140 93
94 93 92
94 92 91
94 91 90
94 90 89
94 89 88
94 88 87
94 87 41
94 41 42
94 42 48
94 48 49
94 49 99
94 99 153
95 142 59
95 59 57
95 57 55
95 55 106
95 106 1
95 1 121
95 121 122
95 122 123
95 123 124
95 124 125
95 125 126
95 126 127
95 127 103
95 103 135
95 135 137
97 146 107
97 107 18
97 18 8
97 8 9
97 9 10
97 10 21
97 21 22
97 22 23
97 23 24
97 24 25
97 25 33
97 33 69
97 69 71
97 71 73
97 73 75
97 75 77
97 77 31
97 31 32
97 32 79
97 79 34
97 34 96
97 96 149
99 146 107
99 107 18
99 18 8
99 8 117
99 117 118
99 118 119
99 119 120
99 120 116
99 116 115
99 115 102
99 102 103
99 103 135
99 135 137
;
set inFlight:=
42
45
49
54
56
59
60
62
63
68
69
71
72
74
75
76
77
81
82
87
89
;
param tini := 46.1;
