param nf:= 100 ;
param nn:= 9 ;
param: E: d:=
 0 8 10
 0 1 10
 1 8 10
 1 2 10
 2 8 10
 2 3 10
 3 8 10
 3 4 10
 4 8 10
 4 5 10
 5 8 10
 5 6 10
 6 8 10
 6 7 10
 7 8 10
 7 0 10
 8 0 10
 1 0 10
 8 1 10
 2 1 10
 8 2 10
 3 2 10
 8 3 10
 4 3 10
 8 4 10
 5 4 10
 8 5 10
 6 5 10
 8 6 10
 7 6 10
 8 7 10
 0 7 10;
param s:=
0 5
1 7
2 6
3 7
4 6
5 3
6 4
7 2
8 0
9 4
10 2
11 7
12 3
13 5
14 6
15 5
16 6
17 2
18 0
19 1
20 8
21 3
22 2
23 4
24 7
25 2
26 0
27 7
28 7
29 7
30 7
31 2
32 6
33 0
34 0
35 5
36 8
37 3
38 1
39 1
40 0
41 0
42 0
43 2
44 3
45 0
46 8
47 1
48 4
49 6
50 6
51 7
52 0
53 6
54 8
55 1
56 1
57 1
58 1
59 6
60 6
61 2
62 6
63 3
64 2
65 7
66 6
67 6
68 7
69 4
70 1
71 7
72 8
73 3
74 8
75 7
76 1
77 0
78 1
79 0
80 5
81 2
82 5
83 4
84 1
85 3
86 3
87 0
88 5
89 3
90 4
91 6
92 2
93 3
94 8
95 8
96 8
97 7
98 2
99 2 ;
param e:=
0 7
1 4
2 3
3 0
4 4
5 0
6 5
7 4
8 3
9 0
10 0
11 4
12 4
13 4
14 1
15 7
16 8
17 4
18 4
19 0
20 5
21 7
22 4
23 5
24 1
25 7
26 7
27 0
28 1
29 1
30 0
31 3
32 5
33 8
34 6
35 7
36 1
37 5
38 8
39 3
40 6
41 1
42 6
43 4
44 2
45 3
46 3
47 2
48 6
49 0
50 7
51 4
52 3
53 4
54 6
55 3
56 6
57 4
58 7
59 2
60 3
61 6
62 8
63 6
64 5
65 2
66 3
67 0
68 4
69 1
70 4
71 3
72 7
73 7
74 2
75 8
76 5
77 7
78 7
79 8
80 8
81 1
82 6
83 6
84 3
85 7
86 0
87 3
88 6
89 0
90 0
91 0
92 8
93 8
94 4
95 0
96 3
97 5
98 7
99 1 ;
param v_min:=
0 0 8 1		0 0 1 1		0 1 8 1		0 1 2 1		0 2 8 1		0 2 3 1		0 3 8 1		0 3 4 1		0 4 8 1		0 4 5 1		0 5 8 1		0 5 6 1		0 6 8 1		0 6 7 1		0 7 8 1		0 7 0 1		0 8 0 1		0 1 0 1		0 8 1 1		0 2 1 1		0 8 2 1		0 3 2 1		0 8 3 1		0 4 3 1		0 8 4 1		0 5 4 1		0 8 5 1		0 6 5 1		0 8 6 1		0 7 6 1		0 8 7 1		0 0 7 1		
1 0 8 1		1 0 1 1		1 1 8 1		1 1 2 1		1 2 8 1		1 2 3 1		1 3 8 1		1 3 4 1		1 4 8 1		1 4 5 1		1 5 8 1		1 5 6 1		1 6 8 1		1 6 7 1		1 7 8 1		1 7 0 1		1 8 0 1		1 1 0 1		1 8 1 1		1 2 1 1		1 8 2 1		1 3 2 1		1 8 3 1		1 4 3 1		1 8 4 1		1 5 4 1		1 8 5 1		1 6 5 1		1 8 6 1		1 7 6 1		1 8 7 1		1 0 7 1		
2 0 8 1		2 0 1 1		2 1 8 1		2 1 2 1		2 2 8 1		2 2 3 1		2 3 8 1		2 3 4 1		2 4 8 1		2 4 5 1		2 5 8 1		2 5 6 1		2 6 8 1		2 6 7 1		2 7 8 1		2 7 0 1		2 8 0 1		2 1 0 1		2 8 1 1		2 2 1 1		2 8 2 1		2 3 2 1		2 8 3 1		2 4 3 1		2 8 4 1		2 5 4 1		2 8 5 1		2 6 5 1		2 8 6 1		2 7 6 1		2 8 7 1		2 0 7 1		
3 0 8 1		3 0 1 1		3 1 8 1		3 1 2 1		3 2 8 1		3 2 3 1		3 3 8 1		3 3 4 1		3 4 8 1		3 4 5 1		3 5 8 1		3 5 6 1		3 6 8 1		3 6 7 1		3 7 8 1		3 7 0 1		3 8 0 1		3 1 0 1		3 8 1 1		3 2 1 1		3 8 2 1		3 3 2 1		3 8 3 1		3 4 3 1		3 8 4 1		3 5 4 1		3 8 5 1		3 6 5 1		3 8 6 1		3 7 6 1		3 8 7 1		3 0 7 1		
4 0 8 1		4 0 1 1		4 1 8 1		4 1 2 1		4 2 8 1		4 2 3 1		4 3 8 1		4 3 4 1		4 4 8 1		4 4 5 1		4 5 8 1		4 5 6 1		4 6 8 1		4 6 7 1		4 7 8 1		4 7 0 1		4 8 0 1		4 1 0 1		4 8 1 1		4 2 1 1		4 8 2 1		4 3 2 1		4 8 3 1		4 4 3 1		4 8 4 1		4 5 4 1		4 8 5 1		4 6 5 1		4 8 6 1		4 7 6 1		4 8 7 1		4 0 7 1		
5 0 8 1		5 0 1 1		5 1 8 1		5 1 2 1		5 2 8 1		5 2 3 1		5 3 8 1		5 3 4 1		5 4 8 1		5 4 5 1		5 5 8 1		5 5 6 1		5 6 8 1		5 6 7 1		5 7 8 1		5 7 0 1		5 8 0 1		5 1 0 1		5 8 1 1		5 2 1 1		5 8 2 1		5 3 2 1		5 8 3 1		5 4 3 1		5 8 4 1		5 5 4 1		5 8 5 1		5 6 5 1		5 8 6 1		5 7 6 1		5 8 7 1		5 0 7 1		
6 0 8 1		6 0 1 1		6 1 8 1		6 1 2 1		6 2 8 1		6 2 3 1		6 3 8 1		6 3 4 1		6 4 8 1		6 4 5 1		6 5 8 1		6 5 6 1		6 6 8 1		6 6 7 1		6 7 8 1		6 7 0 1		6 8 0 1		6 1 0 1		6 8 1 1		6 2 1 1		6 8 2 1		6 3 2 1		6 8 3 1		6 4 3 1		6 8 4 1		6 5 4 1		6 8 5 1		6 6 5 1		6 8 6 1		6 7 6 1		6 8 7 1		6 0 7 1		
7 0 8 1		7 0 1 1		7 1 8 1		7 1 2 1		7 2 8 1		7 2 3 1		7 3 8 1		7 3 4 1		7 4 8 1		7 4 5 1		7 5 8 1		7 5 6 1		7 6 8 1		7 6 7 1		7 7 8 1		7 7 0 1		7 8 0 1		7 1 0 1		7 8 1 1		7 2 1 1		7 8 2 1		7 3 2 1		7 8 3 1		7 4 3 1		7 8 4 1		7 5 4 1		7 8 5 1		7 6 5 1		7 8 6 1		7 7 6 1		7 8 7 1		7 0 7 1		
8 0 8 1		8 0 1 1		8 1 8 1		8 1 2 1		8 2 8 1		8 2 3 1		8 3 8 1		8 3 4 1		8 4 8 1		8 4 5 1		8 5 8 1		8 5 6 1		8 6 8 1		8 6 7 1		8 7 8 1		8 7 0 1		8 8 0 1		8 1 0 1		8 8 1 1		8 2 1 1		8 8 2 1		8 3 2 1		8 8 3 1		8 4 3 1		8 8 4 1		8 5 4 1		8 8 5 1		8 6 5 1		8 8 6 1		8 7 6 1		8 8 7 1		8 0 7 1		
9 0 8 1		9 0 1 1		9 1 8 1		9 1 2 1		9 2 8 1		9 2 3 1		9 3 8 1		9 3 4 1		9 4 8 1		9 4 5 1		9 5 8 1		9 5 6 1		9 6 8 1		9 6 7 1		9 7 8 1		9 7 0 1		9 8 0 1		9 1 0 1		9 8 1 1		9 2 1 1		9 8 2 1		9 3 2 1		9 8 3 1		9 4 3 1		9 8 4 1		9 5 4 1		9 8 5 1		9 6 5 1		9 8 6 1		9 7 6 1		9 8 7 1		9 0 7 1		
10 0 8 1		10 0 1 1		10 1 8 1		10 1 2 1		10 2 8 1		10 2 3 1		10 3 8 1		10 3 4 1		10 4 8 1		10 4 5 1		10 5 8 1		10 5 6 1		10 6 8 1		10 6 7 1		10 7 8 1		10 7 0 1		10 8 0 1		10 1 0 1		10 8 1 1		10 2 1 1		10 8 2 1		10 3 2 1		10 8 3 1		10 4 3 1		10 8 4 1		10 5 4 1		10 8 5 1		10 6 5 1		10 8 6 1		10 7 6 1		10 8 7 1		10 0 7 1		
11 0 8 1		11 0 1 1		11 1 8 1		11 1 2 1		11 2 8 1		11 2 3 1		11 3 8 1		11 3 4 1		11 4 8 1		11 4 5 1		11 5 8 1		11 5 6 1		11 6 8 1		11 6 7 1		11 7 8 1		11 7 0 1		11 8 0 1		11 1 0 1		11 8 1 1		11 2 1 1		11 8 2 1		11 3 2 1		11 8 3 1		11 4 3 1		11 8 4 1		11 5 4 1		11 8 5 1		11 6 5 1		11 8 6 1		11 7 6 1		11 8 7 1		11 0 7 1		
12 0 8 1		12 0 1 1		12 1 8 1		12 1 2 1		12 2 8 1		12 2 3 1		12 3 8 1		12 3 4 1		12 4 8 1		12 4 5 1		12 5 8 1		12 5 6 1		12 6 8 1		12 6 7 1		12 7 8 1		12 7 0 1		12 8 0 1		12 1 0 1		12 8 1 1		12 2 1 1		12 8 2 1		12 3 2 1		12 8 3 1		12 4 3 1		12 8 4 1		12 5 4 1		12 8 5 1		12 6 5 1		12 8 6 1		12 7 6 1		12 8 7 1		12 0 7 1		
13 0 8 1		13 0 1 1		13 1 8 1		13 1 2 1		13 2 8 1		13 2 3 1		13 3 8 1		13 3 4 1		13 4 8 1		13 4 5 1		13 5 8 1		13 5 6 1		13 6 8 1		13 6 7 1		13 7 8 1		13 7 0 1		13 8 0 1		13 1 0 1		13 8 1 1		13 2 1 1		13 8 2 1		13 3 2 1		13 8 3 1		13 4 3 1		13 8 4 1		13 5 4 1		13 8 5 1		13 6 5 1		13 8 6 1		13 7 6 1		13 8 7 1		13 0 7 1		
14 0 8 1		14 0 1 1		14 1 8 1		14 1 2 1		14 2 8 1		14 2 3 1		14 3 8 1		14 3 4 1		14 4 8 1		14 4 5 1		14 5 8 1		14 5 6 1		14 6 8 1		14 6 7 1		14 7 8 1		14 7 0 1		14 8 0 1		14 1 0 1		14 8 1 1		14 2 1 1		14 8 2 1		14 3 2 1		14 8 3 1		14 4 3 1		14 8 4 1		14 5 4 1		14 8 5 1		14 6 5 1		14 8 6 1		14 7 6 1		14 8 7 1		14 0 7 1		
15 0 8 1		15 0 1 1		15 1 8 1		15 1 2 1		15 2 8 1		15 2 3 1		15 3 8 1		15 3 4 1		15 4 8 1		15 4 5 1		15 5 8 1		15 5 6 1		15 6 8 1		15 6 7 1		15 7 8 1		15 7 0 1		15 8 0 1		15 1 0 1		15 8 1 1		15 2 1 1		15 8 2 1		15 3 2 1		15 8 3 1		15 4 3 1		15 8 4 1		15 5 4 1		15 8 5 1		15 6 5 1		15 8 6 1		15 7 6 1		15 8 7 1		15 0 7 1		
16 0 8 1		16 0 1 1		16 1 8 1		16 1 2 1		16 2 8 1		16 2 3 1		16 3 8 1		16 3 4 1		16 4 8 1		16 4 5 1		16 5 8 1		16 5 6 1		16 6 8 1		16 6 7 1		16 7 8 1		16 7 0 1		16 8 0 1		16 1 0 1		16 8 1 1		16 2 1 1		16 8 2 1		16 3 2 1		16 8 3 1		16 4 3 1		16 8 4 1		16 5 4 1		16 8 5 1		16 6 5 1		16 8 6 1		16 7 6 1		16 8 7 1		16 0 7 1		
17 0 8 1		17 0 1 1		17 1 8 1		17 1 2 1		17 2 8 1		17 2 3 1		17 3 8 1		17 3 4 1		17 4 8 1		17 4 5 1		17 5 8 1		17 5 6 1		17 6 8 1		17 6 7 1		17 7 8 1		17 7 0 1		17 8 0 1		17 1 0 1		17 8 1 1		17 2 1 1		17 8 2 1		17 3 2 1		17 8 3 1		17 4 3 1		17 8 4 1		17 5 4 1		17 8 5 1		17 6 5 1		17 8 6 1		17 7 6 1		17 8 7 1		17 0 7 1		
18 0 8 1		18 0 1 1		18 1 8 1		18 1 2 1		18 2 8 1		18 2 3 1		18 3 8 1		18 3 4 1		18 4 8 1		18 4 5 1		18 5 8 1		18 5 6 1		18 6 8 1		18 6 7 1		18 7 8 1		18 7 0 1		18 8 0 1		18 1 0 1		18 8 1 1		18 2 1 1		18 8 2 1		18 3 2 1		18 8 3 1		18 4 3 1		18 8 4 1		18 5 4 1		18 8 5 1		18 6 5 1		18 8 6 1		18 7 6 1		18 8 7 1		18 0 7 1		
19 0 8 1		19 0 1 1		19 1 8 1		19 1 2 1		19 2 8 1		19 2 3 1		19 3 8 1		19 3 4 1		19 4 8 1		19 4 5 1		19 5 8 1		19 5 6 1		19 6 8 1		19 6 7 1		19 7 8 1		19 7 0 1		19 8 0 1		19 1 0 1		19 8 1 1		19 2 1 1		19 8 2 1		19 3 2 1		19 8 3 1		19 4 3 1		19 8 4 1		19 5 4 1		19 8 5 1		19 6 5 1		19 8 6 1		19 7 6 1		19 8 7 1		19 0 7 1		
20 0 8 1		20 0 1 1		20 1 8 1		20 1 2 1		20 2 8 1		20 2 3 1		20 3 8 1		20 3 4 1		20 4 8 1		20 4 5 1		20 5 8 1		20 5 6 1		20 6 8 1		20 6 7 1		20 7 8 1		20 7 0 1		20 8 0 1		20 1 0 1		20 8 1 1		20 2 1 1		20 8 2 1		20 3 2 1		20 8 3 1		20 4 3 1		20 8 4 1		20 5 4 1		20 8 5 1		20 6 5 1		20 8 6 1		20 7 6 1		20 8 7 1		20 0 7 1		
21 0 8 1		21 0 1 1		21 1 8 1		21 1 2 1		21 2 8 1		21 2 3 1		21 3 8 1		21 3 4 1		21 4 8 1		21 4 5 1		21 5 8 1		21 5 6 1		21 6 8 1		21 6 7 1		21 7 8 1		21 7 0 1		21 8 0 1		21 1 0 1		21 8 1 1		21 2 1 1		21 8 2 1		21 3 2 1		21 8 3 1		21 4 3 1		21 8 4 1		21 5 4 1		21 8 5 1		21 6 5 1		21 8 6 1		21 7 6 1		21 8 7 1		21 0 7 1		
22 0 8 1		22 0 1 1		22 1 8 1		22 1 2 1		22 2 8 1		22 2 3 1		22 3 8 1		22 3 4 1		22 4 8 1		22 4 5 1		22 5 8 1		22 5 6 1		22 6 8 1		22 6 7 1		22 7 8 1		22 7 0 1		22 8 0 1		22 1 0 1		22 8 1 1		22 2 1 1		22 8 2 1		22 3 2 1		22 8 3 1		22 4 3 1		22 8 4 1		22 5 4 1		22 8 5 1		22 6 5 1		22 8 6 1		22 7 6 1		22 8 7 1		22 0 7 1		
23 0 8 1		23 0 1 1		23 1 8 1		23 1 2 1		23 2 8 1		23 2 3 1		23 3 8 1		23 3 4 1		23 4 8 1		23 4 5 1		23 5 8 1		23 5 6 1		23 6 8 1		23 6 7 1		23 7 8 1		23 7 0 1		23 8 0 1		23 1 0 1		23 8 1 1		23 2 1 1		23 8 2 1		23 3 2 1		23 8 3 1		23 4 3 1		23 8 4 1		23 5 4 1		23 8 5 1		23 6 5 1		23 8 6 1		23 7 6 1		23 8 7 1		23 0 7 1		
24 0 8 1		24 0 1 1		24 1 8 1		24 1 2 1		24 2 8 1		24 2 3 1		24 3 8 1		24 3 4 1		24 4 8 1		24 4 5 1		24 5 8 1		24 5 6 1		24 6 8 1		24 6 7 1		24 7 8 1		24 7 0 1		24 8 0 1		24 1 0 1		24 8 1 1		24 2 1 1		24 8 2 1		24 3 2 1		24 8 3 1		24 4 3 1		24 8 4 1		24 5 4 1		24 8 5 1		24 6 5 1		24 8 6 1		24 7 6 1		24 8 7 1		24 0 7 1		
25 0 8 1		25 0 1 1		25 1 8 1		25 1 2 1		25 2 8 1		25 2 3 1		25 3 8 1		25 3 4 1		25 4 8 1		25 4 5 1		25 5 8 1		25 5 6 1		25 6 8 1		25 6 7 1		25 7 8 1		25 7 0 1		25 8 0 1		25 1 0 1		25 8 1 1		25 2 1 1		25 8 2 1		25 3 2 1		25 8 3 1		25 4 3 1		25 8 4 1		25 5 4 1		25 8 5 1		25 6 5 1		25 8 6 1		25 7 6 1		25 8 7 1		25 0 7 1		
26 0 8 1		26 0 1 1		26 1 8 1		26 1 2 1		26 2 8 1		26 2 3 1		26 3 8 1		26 3 4 1		26 4 8 1		26 4 5 1		26 5 8 1		26 5 6 1		26 6 8 1		26 6 7 1		26 7 8 1		26 7 0 1		26 8 0 1		26 1 0 1		26 8 1 1		26 2 1 1		26 8 2 1		26 3 2 1		26 8 3 1		26 4 3 1		26 8 4 1		26 5 4 1		26 8 5 1		26 6 5 1		26 8 6 1		26 7 6 1		26 8 7 1		26 0 7 1		
27 0 8 1		27 0 1 1		27 1 8 1		27 1 2 1		27 2 8 1		27 2 3 1		27 3 8 1		27 3 4 1		27 4 8 1		27 4 5 1		27 5 8 1		27 5 6 1		27 6 8 1		27 6 7 1		27 7 8 1		27 7 0 1		27 8 0 1		27 1 0 1		27 8 1 1		27 2 1 1		27 8 2 1		27 3 2 1		27 8 3 1		27 4 3 1		27 8 4 1		27 5 4 1		27 8 5 1		27 6 5 1		27 8 6 1		27 7 6 1		27 8 7 1		27 0 7 1		
28 0 8 1		28 0 1 1		28 1 8 1		28 1 2 1		28 2 8 1		28 2 3 1		28 3 8 1		28 3 4 1		28 4 8 1		28 4 5 1		28 5 8 1		28 5 6 1		28 6 8 1		28 6 7 1		28 7 8 1		28 7 0 1		28 8 0 1		28 1 0 1		28 8 1 1		28 2 1 1		28 8 2 1		28 3 2 1		28 8 3 1		28 4 3 1		28 8 4 1		28 5 4 1		28 8 5 1		28 6 5 1		28 8 6 1		28 7 6 1		28 8 7 1		28 0 7 1		
29 0 8 1		29 0 1 1		29 1 8 1		29 1 2 1		29 2 8 1		29 2 3 1		29 3 8 1		29 3 4 1		29 4 8 1		29 4 5 1		29 5 8 1		29 5 6 1		29 6 8 1		29 6 7 1		29 7 8 1		29 7 0 1		29 8 0 1		29 1 0 1		29 8 1 1		29 2 1 1		29 8 2 1		29 3 2 1		29 8 3 1		29 4 3 1		29 8 4 1		29 5 4 1		29 8 5 1		29 6 5 1		29 8 6 1		29 7 6 1		29 8 7 1		29 0 7 1		
30 0 8 1		30 0 1 1		30 1 8 1		30 1 2 1		30 2 8 1		30 2 3 1		30 3 8 1		30 3 4 1		30 4 8 1		30 4 5 1		30 5 8 1		30 5 6 1		30 6 8 1		30 6 7 1		30 7 8 1		30 7 0 1		30 8 0 1		30 1 0 1		30 8 1 1		30 2 1 1		30 8 2 1		30 3 2 1		30 8 3 1		30 4 3 1		30 8 4 1		30 5 4 1		30 8 5 1		30 6 5 1		30 8 6 1		30 7 6 1		30 8 7 1		30 0 7 1		
31 0 8 1		31 0 1 1		31 1 8 1		31 1 2 1		31 2 8 1		31 2 3 1		31 3 8 1		31 3 4 1		31 4 8 1		31 4 5 1		31 5 8 1		31 5 6 1		31 6 8 1		31 6 7 1		31 7 8 1		31 7 0 1		31 8 0 1		31 1 0 1		31 8 1 1		31 2 1 1		31 8 2 1		31 3 2 1		31 8 3 1		31 4 3 1		31 8 4 1		31 5 4 1		31 8 5 1		31 6 5 1		31 8 6 1		31 7 6 1		31 8 7 1		31 0 7 1		
32 0 8 1		32 0 1 1		32 1 8 1		32 1 2 1		32 2 8 1		32 2 3 1		32 3 8 1		32 3 4 1		32 4 8 1		32 4 5 1		32 5 8 1		32 5 6 1		32 6 8 1		32 6 7 1		32 7 8 1		32 7 0 1		32 8 0 1		32 1 0 1		32 8 1 1		32 2 1 1		32 8 2 1		32 3 2 1		32 8 3 1		32 4 3 1		32 8 4 1		32 5 4 1		32 8 5 1		32 6 5 1		32 8 6 1		32 7 6 1		32 8 7 1		32 0 7 1		
33 0 8 1		33 0 1 1		33 1 8 1		33 1 2 1		33 2 8 1		33 2 3 1		33 3 8 1		33 3 4 1		33 4 8 1		33 4 5 1		33 5 8 1		33 5 6 1		33 6 8 1		33 6 7 1		33 7 8 1		33 7 0 1		33 8 0 1		33 1 0 1		33 8 1 1		33 2 1 1		33 8 2 1		33 3 2 1		33 8 3 1		33 4 3 1		33 8 4 1		33 5 4 1		33 8 5 1		33 6 5 1		33 8 6 1		33 7 6 1		33 8 7 1		33 0 7 1		
34 0 8 1		34 0 1 1		34 1 8 1		34 1 2 1		34 2 8 1		34 2 3 1		34 3 8 1		34 3 4 1		34 4 8 1		34 4 5 1		34 5 8 1		34 5 6 1		34 6 8 1		34 6 7 1		34 7 8 1		34 7 0 1		34 8 0 1		34 1 0 1		34 8 1 1		34 2 1 1		34 8 2 1		34 3 2 1		34 8 3 1		34 4 3 1		34 8 4 1		34 5 4 1		34 8 5 1		34 6 5 1		34 8 6 1		34 7 6 1		34 8 7 1		34 0 7 1		
35 0 8 1		35 0 1 1		35 1 8 1		35 1 2 1		35 2 8 1		35 2 3 1		35 3 8 1		35 3 4 1		35 4 8 1		35 4 5 1		35 5 8 1		35 5 6 1		35 6 8 1		35 6 7 1		35 7 8 1		35 7 0 1		35 8 0 1		35 1 0 1		35 8 1 1		35 2 1 1		35 8 2 1		35 3 2 1		35 8 3 1		35 4 3 1		35 8 4 1		35 5 4 1		35 8 5 1		35 6 5 1		35 8 6 1		35 7 6 1		35 8 7 1		35 0 7 1		
36 0 8 1		36 0 1 1		36 1 8 1		36 1 2 1		36 2 8 1		36 2 3 1		36 3 8 1		36 3 4 1		36 4 8 1		36 4 5 1		36 5 8 1		36 5 6 1		36 6 8 1		36 6 7 1		36 7 8 1		36 7 0 1		36 8 0 1		36 1 0 1		36 8 1 1		36 2 1 1		36 8 2 1		36 3 2 1		36 8 3 1		36 4 3 1		36 8 4 1		36 5 4 1		36 8 5 1		36 6 5 1		36 8 6 1		36 7 6 1		36 8 7 1		36 0 7 1		
37 0 8 1		37 0 1 1		37 1 8 1		37 1 2 1		37 2 8 1		37 2 3 1		37 3 8 1		37 3 4 1		37 4 8 1		37 4 5 1		37 5 8 1		37 5 6 1		37 6 8 1		37 6 7 1		37 7 8 1		37 7 0 1		37 8 0 1		37 1 0 1		37 8 1 1		37 2 1 1		37 8 2 1		37 3 2 1		37 8 3 1		37 4 3 1		37 8 4 1		37 5 4 1		37 8 5 1		37 6 5 1		37 8 6 1		37 7 6 1		37 8 7 1		37 0 7 1		
38 0 8 1		38 0 1 1		38 1 8 1		38 1 2 1		38 2 8 1		38 2 3 1		38 3 8 1		38 3 4 1		38 4 8 1		38 4 5 1		38 5 8 1		38 5 6 1		38 6 8 1		38 6 7 1		38 7 8 1		38 7 0 1		38 8 0 1		38 1 0 1		38 8 1 1		38 2 1 1		38 8 2 1		38 3 2 1		38 8 3 1		38 4 3 1		38 8 4 1		38 5 4 1		38 8 5 1		38 6 5 1		38 8 6 1		38 7 6 1		38 8 7 1		38 0 7 1		
39 0 8 1		39 0 1 1		39 1 8 1		39 1 2 1		39 2 8 1		39 2 3 1		39 3 8 1		39 3 4 1		39 4 8 1		39 4 5 1		39 5 8 1		39 5 6 1		39 6 8 1		39 6 7 1		39 7 8 1		39 7 0 1		39 8 0 1		39 1 0 1		39 8 1 1		39 2 1 1		39 8 2 1		39 3 2 1		39 8 3 1		39 4 3 1		39 8 4 1		39 5 4 1		39 8 5 1		39 6 5 1		39 8 6 1		39 7 6 1		39 8 7 1		39 0 7 1		
40 0 8 1		40 0 1 1		40 1 8 1		40 1 2 1		40 2 8 1		40 2 3 1		40 3 8 1		40 3 4 1		40 4 8 1		40 4 5 1		40 5 8 1		40 5 6 1		40 6 8 1		40 6 7 1		40 7 8 1		40 7 0 1		40 8 0 1		40 1 0 1		40 8 1 1		40 2 1 1		40 8 2 1		40 3 2 1		40 8 3 1		40 4 3 1		40 8 4 1		40 5 4 1		40 8 5 1		40 6 5 1		40 8 6 1		40 7 6 1		40 8 7 1		40 0 7 1		
41 0 8 1		41 0 1 1		41 1 8 1		41 1 2 1		41 2 8 1		41 2 3 1		41 3 8 1		41 3 4 1		41 4 8 1		41 4 5 1		41 5 8 1		41 5 6 1		41 6 8 1		41 6 7 1		41 7 8 1		41 7 0 1		41 8 0 1		41 1 0 1		41 8 1 1		41 2 1 1		41 8 2 1		41 3 2 1		41 8 3 1		41 4 3 1		41 8 4 1		41 5 4 1		41 8 5 1		41 6 5 1		41 8 6 1		41 7 6 1		41 8 7 1		41 0 7 1		
42 0 8 1		42 0 1 1		42 1 8 1		42 1 2 1		42 2 8 1		42 2 3 1		42 3 8 1		42 3 4 1		42 4 8 1		42 4 5 1		42 5 8 1		42 5 6 1		42 6 8 1		42 6 7 1		42 7 8 1		42 7 0 1		42 8 0 1		42 1 0 1		42 8 1 1		42 2 1 1		42 8 2 1		42 3 2 1		42 8 3 1		42 4 3 1		42 8 4 1		42 5 4 1		42 8 5 1		42 6 5 1		42 8 6 1		42 7 6 1		42 8 7 1		42 0 7 1		
43 0 8 1		43 0 1 1		43 1 8 1		43 1 2 1		43 2 8 1		43 2 3 1		43 3 8 1		43 3 4 1		43 4 8 1		43 4 5 1		43 5 8 1		43 5 6 1		43 6 8 1		43 6 7 1		43 7 8 1		43 7 0 1		43 8 0 1		43 1 0 1		43 8 1 1		43 2 1 1		43 8 2 1		43 3 2 1		43 8 3 1		43 4 3 1		43 8 4 1		43 5 4 1		43 8 5 1		43 6 5 1		43 8 6 1		43 7 6 1		43 8 7 1		43 0 7 1		
44 0 8 1		44 0 1 1		44 1 8 1		44 1 2 1		44 2 8 1		44 2 3 1		44 3 8 1		44 3 4 1		44 4 8 1		44 4 5 1		44 5 8 1		44 5 6 1		44 6 8 1		44 6 7 1		44 7 8 1		44 7 0 1		44 8 0 1		44 1 0 1		44 8 1 1		44 2 1 1		44 8 2 1		44 3 2 1		44 8 3 1		44 4 3 1		44 8 4 1		44 5 4 1		44 8 5 1		44 6 5 1		44 8 6 1		44 7 6 1		44 8 7 1		44 0 7 1		
45 0 8 1		45 0 1 1		45 1 8 1		45 1 2 1		45 2 8 1		45 2 3 1		45 3 8 1		45 3 4 1		45 4 8 1		45 4 5 1		45 5 8 1		45 5 6 1		45 6 8 1		45 6 7 1		45 7 8 1		45 7 0 1		45 8 0 1		45 1 0 1		45 8 1 1		45 2 1 1		45 8 2 1		45 3 2 1		45 8 3 1		45 4 3 1		45 8 4 1		45 5 4 1		45 8 5 1		45 6 5 1		45 8 6 1		45 7 6 1		45 8 7 1		45 0 7 1		
46 0 8 1		46 0 1 1		46 1 8 1		46 1 2 1		46 2 8 1		46 2 3 1		46 3 8 1		46 3 4 1		46 4 8 1		46 4 5 1		46 5 8 1		46 5 6 1		46 6 8 1		46 6 7 1		46 7 8 1		46 7 0 1		46 8 0 1		46 1 0 1		46 8 1 1		46 2 1 1		46 8 2 1		46 3 2 1		46 8 3 1		46 4 3 1		46 8 4 1		46 5 4 1		46 8 5 1		46 6 5 1		46 8 6 1		46 7 6 1		46 8 7 1		46 0 7 1		
47 0 8 1		47 0 1 1		47 1 8 1		47 1 2 1		47 2 8 1		47 2 3 1		47 3 8 1		47 3 4 1		47 4 8 1		47 4 5 1		47 5 8 1		47 5 6 1		47 6 8 1		47 6 7 1		47 7 8 1		47 7 0 1		47 8 0 1		47 1 0 1		47 8 1 1		47 2 1 1		47 8 2 1		47 3 2 1		47 8 3 1		47 4 3 1		47 8 4 1		47 5 4 1		47 8 5 1		47 6 5 1		47 8 6 1		47 7 6 1		47 8 7 1		47 0 7 1		
48 0 8 1		48 0 1 1		48 1 8 1		48 1 2 1		48 2 8 1		48 2 3 1		48 3 8 1		48 3 4 1		48 4 8 1		48 4 5 1		48 5 8 1		48 5 6 1		48 6 8 1		48 6 7 1		48 7 8 1		48 7 0 1		48 8 0 1		48 1 0 1		48 8 1 1		48 2 1 1		48 8 2 1		48 3 2 1		48 8 3 1		48 4 3 1		48 8 4 1		48 5 4 1		48 8 5 1		48 6 5 1		48 8 6 1		48 7 6 1		48 8 7 1		48 0 7 1		
49 0 8 1		49 0 1 1		49 1 8 1		49 1 2 1		49 2 8 1		49 2 3 1		49 3 8 1		49 3 4 1		49 4 8 1		49 4 5 1		49 5 8 1		49 5 6 1		49 6 8 1		49 6 7 1		49 7 8 1		49 7 0 1		49 8 0 1		49 1 0 1		49 8 1 1		49 2 1 1		49 8 2 1		49 3 2 1		49 8 3 1		49 4 3 1		49 8 4 1		49 5 4 1		49 8 5 1		49 6 5 1		49 8 6 1		49 7 6 1		49 8 7 1		49 0 7 1		
50 0 8 1		50 0 1 1		50 1 8 1		50 1 2 1		50 2 8 1		50 2 3 1		50 3 8 1		50 3 4 1		50 4 8 1		50 4 5 1		50 5 8 1		50 5 6 1		50 6 8 1		50 6 7 1		50 7 8 1		50 7 0 1		50 8 0 1		50 1 0 1		50 8 1 1		50 2 1 1		50 8 2 1		50 3 2 1		50 8 3 1		50 4 3 1		50 8 4 1		50 5 4 1		50 8 5 1		50 6 5 1		50 8 6 1		50 7 6 1		50 8 7 1		50 0 7 1		
51 0 8 1		51 0 1 1		51 1 8 1		51 1 2 1		51 2 8 1		51 2 3 1		51 3 8 1		51 3 4 1		51 4 8 1		51 4 5 1		51 5 8 1		51 5 6 1		51 6 8 1		51 6 7 1		51 7 8 1		51 7 0 1		51 8 0 1		51 1 0 1		51 8 1 1		51 2 1 1		51 8 2 1		51 3 2 1		51 8 3 1		51 4 3 1		51 8 4 1		51 5 4 1		51 8 5 1		51 6 5 1		51 8 6 1		51 7 6 1		51 8 7 1		51 0 7 1		
52 0 8 1		52 0 1 1		52 1 8 1		52 1 2 1		52 2 8 1		52 2 3 1		52 3 8 1		52 3 4 1		52 4 8 1		52 4 5 1		52 5 8 1		52 5 6 1		52 6 8 1		52 6 7 1		52 7 8 1		52 7 0 1		52 8 0 1		52 1 0 1		52 8 1 1		52 2 1 1		52 8 2 1		52 3 2 1		52 8 3 1		52 4 3 1		52 8 4 1		52 5 4 1		52 8 5 1		52 6 5 1		52 8 6 1		52 7 6 1		52 8 7 1		52 0 7 1		
53 0 8 1		53 0 1 1		53 1 8 1		53 1 2 1		53 2 8 1		53 2 3 1		53 3 8 1		53 3 4 1		53 4 8 1		53 4 5 1		53 5 8 1		53 5 6 1		53 6 8 1		53 6 7 1		53 7 8 1		53 7 0 1		53 8 0 1		53 1 0 1		53 8 1 1		53 2 1 1		53 8 2 1		53 3 2 1		53 8 3 1		53 4 3 1		53 8 4 1		53 5 4 1		53 8 5 1		53 6 5 1		53 8 6 1		53 7 6 1		53 8 7 1		53 0 7 1		
54 0 8 1		54 0 1 1		54 1 8 1		54 1 2 1		54 2 8 1		54 2 3 1		54 3 8 1		54 3 4 1		54 4 8 1		54 4 5 1		54 5 8 1		54 5 6 1		54 6 8 1		54 6 7 1		54 7 8 1		54 7 0 1		54 8 0 1		54 1 0 1		54 8 1 1		54 2 1 1		54 8 2 1		54 3 2 1		54 8 3 1		54 4 3 1		54 8 4 1		54 5 4 1		54 8 5 1		54 6 5 1		54 8 6 1		54 7 6 1		54 8 7 1		54 0 7 1		
55 0 8 1		55 0 1 1		55 1 8 1		55 1 2 1		55 2 8 1		55 2 3 1		55 3 8 1		55 3 4 1		55 4 8 1		55 4 5 1		55 5 8 1		55 5 6 1		55 6 8 1		55 6 7 1		55 7 8 1		55 7 0 1		55 8 0 1		55 1 0 1		55 8 1 1		55 2 1 1		55 8 2 1		55 3 2 1		55 8 3 1		55 4 3 1		55 8 4 1		55 5 4 1		55 8 5 1		55 6 5 1		55 8 6 1		55 7 6 1		55 8 7 1		55 0 7 1		
56 0 8 1		56 0 1 1		56 1 8 1		56 1 2 1		56 2 8 1		56 2 3 1		56 3 8 1		56 3 4 1		56 4 8 1		56 4 5 1		56 5 8 1		56 5 6 1		56 6 8 1		56 6 7 1		56 7 8 1		56 7 0 1		56 8 0 1		56 1 0 1		56 8 1 1		56 2 1 1		56 8 2 1		56 3 2 1		56 8 3 1		56 4 3 1		56 8 4 1		56 5 4 1		56 8 5 1		56 6 5 1		56 8 6 1		56 7 6 1		56 8 7 1		56 0 7 1		
57 0 8 1		57 0 1 1		57 1 8 1		57 1 2 1		57 2 8 1		57 2 3 1		57 3 8 1		57 3 4 1		57 4 8 1		57 4 5 1		57 5 8 1		57 5 6 1		57 6 8 1		57 6 7 1		57 7 8 1		57 7 0 1		57 8 0 1		57 1 0 1		57 8 1 1		57 2 1 1		57 8 2 1		57 3 2 1		57 8 3 1		57 4 3 1		57 8 4 1		57 5 4 1		57 8 5 1		57 6 5 1		57 8 6 1		57 7 6 1		57 8 7 1		57 0 7 1		
58 0 8 1		58 0 1 1		58 1 8 1		58 1 2 1		58 2 8 1		58 2 3 1		58 3 8 1		58 3 4 1		58 4 8 1		58 4 5 1		58 5 8 1		58 5 6 1		58 6 8 1		58 6 7 1		58 7 8 1		58 7 0 1		58 8 0 1		58 1 0 1		58 8 1 1		58 2 1 1		58 8 2 1		58 3 2 1		58 8 3 1		58 4 3 1		58 8 4 1		58 5 4 1		58 8 5 1		58 6 5 1		58 8 6 1		58 7 6 1		58 8 7 1		58 0 7 1		
59 0 8 1		59 0 1 1		59 1 8 1		59 1 2 1		59 2 8 1		59 2 3 1		59 3 8 1		59 3 4 1		59 4 8 1		59 4 5 1		59 5 8 1		59 5 6 1		59 6 8 1		59 6 7 1		59 7 8 1		59 7 0 1		59 8 0 1		59 1 0 1		59 8 1 1		59 2 1 1		59 8 2 1		59 3 2 1		59 8 3 1		59 4 3 1		59 8 4 1		59 5 4 1		59 8 5 1		59 6 5 1		59 8 6 1		59 7 6 1		59 8 7 1		59 0 7 1		
60 0 8 1		60 0 1 1		60 1 8 1		60 1 2 1		60 2 8 1		60 2 3 1		60 3 8 1		60 3 4 1		60 4 8 1		60 4 5 1		60 5 8 1		60 5 6 1		60 6 8 1		60 6 7 1		60 7 8 1		60 7 0 1		60 8 0 1		60 1 0 1		60 8 1 1		60 2 1 1		60 8 2 1		60 3 2 1		60 8 3 1		60 4 3 1		60 8 4 1		60 5 4 1		60 8 5 1		60 6 5 1		60 8 6 1		60 7 6 1		60 8 7 1		60 0 7 1		
61 0 8 1		61 0 1 1		61 1 8 1		61 1 2 1		61 2 8 1		61 2 3 1		61 3 8 1		61 3 4 1		61 4 8 1		61 4 5 1		61 5 8 1		61 5 6 1		61 6 8 1		61 6 7 1		61 7 8 1		61 7 0 1		61 8 0 1		61 1 0 1		61 8 1 1		61 2 1 1		61 8 2 1		61 3 2 1		61 8 3 1		61 4 3 1		61 8 4 1		61 5 4 1		61 8 5 1		61 6 5 1		61 8 6 1		61 7 6 1		61 8 7 1		61 0 7 1		
62 0 8 1		62 0 1 1		62 1 8 1		62 1 2 1		62 2 8 1		62 2 3 1		62 3 8 1		62 3 4 1		62 4 8 1		62 4 5 1		62 5 8 1		62 5 6 1		62 6 8 1		62 6 7 1		62 7 8 1		62 7 0 1		62 8 0 1		62 1 0 1		62 8 1 1		62 2 1 1		62 8 2 1		62 3 2 1		62 8 3 1		62 4 3 1		62 8 4 1		62 5 4 1		62 8 5 1		62 6 5 1		62 8 6 1		62 7 6 1		62 8 7 1		62 0 7 1		
63 0 8 1		63 0 1 1		63 1 8 1		63 1 2 1		63 2 8 1		63 2 3 1		63 3 8 1		63 3 4 1		63 4 8 1		63 4 5 1		63 5 8 1		63 5 6 1		63 6 8 1		63 6 7 1		63 7 8 1		63 7 0 1		63 8 0 1		63 1 0 1		63 8 1 1		63 2 1 1		63 8 2 1		63 3 2 1		63 8 3 1		63 4 3 1		63 8 4 1		63 5 4 1		63 8 5 1		63 6 5 1		63 8 6 1		63 7 6 1		63 8 7 1		63 0 7 1		
64 0 8 1		64 0 1 1		64 1 8 1		64 1 2 1		64 2 8 1		64 2 3 1		64 3 8 1		64 3 4 1		64 4 8 1		64 4 5 1		64 5 8 1		64 5 6 1		64 6 8 1		64 6 7 1		64 7 8 1		64 7 0 1		64 8 0 1		64 1 0 1		64 8 1 1		64 2 1 1		64 8 2 1		64 3 2 1		64 8 3 1		64 4 3 1		64 8 4 1		64 5 4 1		64 8 5 1		64 6 5 1		64 8 6 1		64 7 6 1		64 8 7 1		64 0 7 1		
65 0 8 1		65 0 1 1		65 1 8 1		65 1 2 1		65 2 8 1		65 2 3 1		65 3 8 1		65 3 4 1		65 4 8 1		65 4 5 1		65 5 8 1		65 5 6 1		65 6 8 1		65 6 7 1		65 7 8 1		65 7 0 1		65 8 0 1		65 1 0 1		65 8 1 1		65 2 1 1		65 8 2 1		65 3 2 1		65 8 3 1		65 4 3 1		65 8 4 1		65 5 4 1		65 8 5 1		65 6 5 1		65 8 6 1		65 7 6 1		65 8 7 1		65 0 7 1		
66 0 8 1		66 0 1 1		66 1 8 1		66 1 2 1		66 2 8 1		66 2 3 1		66 3 8 1		66 3 4 1		66 4 8 1		66 4 5 1		66 5 8 1		66 5 6 1		66 6 8 1		66 6 7 1		66 7 8 1		66 7 0 1		66 8 0 1		66 1 0 1		66 8 1 1		66 2 1 1		66 8 2 1		66 3 2 1		66 8 3 1		66 4 3 1		66 8 4 1		66 5 4 1		66 8 5 1		66 6 5 1		66 8 6 1		66 7 6 1		66 8 7 1		66 0 7 1		
67 0 8 1		67 0 1 1		67 1 8 1		67 1 2 1		67 2 8 1		67 2 3 1		67 3 8 1		67 3 4 1		67 4 8 1		67 4 5 1		67 5 8 1		67 5 6 1		67 6 8 1		67 6 7 1		67 7 8 1		67 7 0 1		67 8 0 1		67 1 0 1		67 8 1 1		67 2 1 1		67 8 2 1		67 3 2 1		67 8 3 1		67 4 3 1		67 8 4 1		67 5 4 1		67 8 5 1		67 6 5 1		67 8 6 1		67 7 6 1		67 8 7 1		67 0 7 1		
68 0 8 1		68 0 1 1		68 1 8 1		68 1 2 1		68 2 8 1		68 2 3 1		68 3 8 1		68 3 4 1		68 4 8 1		68 4 5 1		68 5 8 1		68 5 6 1		68 6 8 1		68 6 7 1		68 7 8 1		68 7 0 1		68 8 0 1		68 1 0 1		68 8 1 1		68 2 1 1		68 8 2 1		68 3 2 1		68 8 3 1		68 4 3 1		68 8 4 1		68 5 4 1		68 8 5 1		68 6 5 1		68 8 6 1		68 7 6 1		68 8 7 1		68 0 7 1		
69 0 8 1		69 0 1 1		69 1 8 1		69 1 2 1		69 2 8 1		69 2 3 1		69 3 8 1		69 3 4 1		69 4 8 1		69 4 5 1		69 5 8 1		69 5 6 1		69 6 8 1		69 6 7 1		69 7 8 1		69 7 0 1		69 8 0 1		69 1 0 1		69 8 1 1		69 2 1 1		69 8 2 1		69 3 2 1		69 8 3 1		69 4 3 1		69 8 4 1		69 5 4 1		69 8 5 1		69 6 5 1		69 8 6 1		69 7 6 1		69 8 7 1		69 0 7 1		
70 0 8 1		70 0 1 1		70 1 8 1		70 1 2 1		70 2 8 1		70 2 3 1		70 3 8 1		70 3 4 1		70 4 8 1		70 4 5 1		70 5 8 1		70 5 6 1		70 6 8 1		70 6 7 1		70 7 8 1		70 7 0 1		70 8 0 1		70 1 0 1		70 8 1 1		70 2 1 1		70 8 2 1		70 3 2 1		70 8 3 1		70 4 3 1		70 8 4 1		70 5 4 1		70 8 5 1		70 6 5 1		70 8 6 1		70 7 6 1		70 8 7 1		70 0 7 1		
71 0 8 1		71 0 1 1		71 1 8 1		71 1 2 1		71 2 8 1		71 2 3 1		71 3 8 1		71 3 4 1		71 4 8 1		71 4 5 1		71 5 8 1		71 5 6 1		71 6 8 1		71 6 7 1		71 7 8 1		71 7 0 1		71 8 0 1		71 1 0 1		71 8 1 1		71 2 1 1		71 8 2 1		71 3 2 1		71 8 3 1		71 4 3 1		71 8 4 1		71 5 4 1		71 8 5 1		71 6 5 1		71 8 6 1		71 7 6 1		71 8 7 1		71 0 7 1		
72 0 8 1		72 0 1 1		72 1 8 1		72 1 2 1		72 2 8 1		72 2 3 1		72 3 8 1		72 3 4 1		72 4 8 1		72 4 5 1		72 5 8 1		72 5 6 1		72 6 8 1		72 6 7 1		72 7 8 1		72 7 0 1		72 8 0 1		72 1 0 1		72 8 1 1		72 2 1 1		72 8 2 1		72 3 2 1		72 8 3 1		72 4 3 1		72 8 4 1		72 5 4 1		72 8 5 1		72 6 5 1		72 8 6 1		72 7 6 1		72 8 7 1		72 0 7 1		
73 0 8 1		73 0 1 1		73 1 8 1		73 1 2 1		73 2 8 1		73 2 3 1		73 3 8 1		73 3 4 1		73 4 8 1		73 4 5 1		73 5 8 1		73 5 6 1		73 6 8 1		73 6 7 1		73 7 8 1		73 7 0 1		73 8 0 1		73 1 0 1		73 8 1 1		73 2 1 1		73 8 2 1		73 3 2 1		73 8 3 1		73 4 3 1		73 8 4 1		73 5 4 1		73 8 5 1		73 6 5 1		73 8 6 1		73 7 6 1		73 8 7 1		73 0 7 1		
74 0 8 1		74 0 1 1		74 1 8 1		74 1 2 1		74 2 8 1		74 2 3 1		74 3 8 1		74 3 4 1		74 4 8 1		74 4 5 1		74 5 8 1		74 5 6 1		74 6 8 1		74 6 7 1		74 7 8 1		74 7 0 1		74 8 0 1		74 1 0 1		74 8 1 1		74 2 1 1		74 8 2 1		74 3 2 1		74 8 3 1		74 4 3 1		74 8 4 1		74 5 4 1		74 8 5 1		74 6 5 1		74 8 6 1		74 7 6 1		74 8 7 1		74 0 7 1		
75 0 8 1		75 0 1 1		75 1 8 1		75 1 2 1		75 2 8 1		75 2 3 1		75 3 8 1		75 3 4 1		75 4 8 1		75 4 5 1		75 5 8 1		75 5 6 1		75 6 8 1		75 6 7 1		75 7 8 1		75 7 0 1		75 8 0 1		75 1 0 1		75 8 1 1		75 2 1 1		75 8 2 1		75 3 2 1		75 8 3 1		75 4 3 1		75 8 4 1		75 5 4 1		75 8 5 1		75 6 5 1		75 8 6 1		75 7 6 1		75 8 7 1		75 0 7 1		
76 0 8 1		76 0 1 1		76 1 8 1		76 1 2 1		76 2 8 1		76 2 3 1		76 3 8 1		76 3 4 1		76 4 8 1		76 4 5 1		76 5 8 1		76 5 6 1		76 6 8 1		76 6 7 1		76 7 8 1		76 7 0 1		76 8 0 1		76 1 0 1		76 8 1 1		76 2 1 1		76 8 2 1		76 3 2 1		76 8 3 1		76 4 3 1		76 8 4 1		76 5 4 1		76 8 5 1		76 6 5 1		76 8 6 1		76 7 6 1		76 8 7 1		76 0 7 1		
77 0 8 1		77 0 1 1		77 1 8 1		77 1 2 1		77 2 8 1		77 2 3 1		77 3 8 1		77 3 4 1		77 4 8 1		77 4 5 1		77 5 8 1		77 5 6 1		77 6 8 1		77 6 7 1		77 7 8 1		77 7 0 1		77 8 0 1		77 1 0 1		77 8 1 1		77 2 1 1		77 8 2 1		77 3 2 1		77 8 3 1		77 4 3 1		77 8 4 1		77 5 4 1		77 8 5 1		77 6 5 1		77 8 6 1		77 7 6 1		77 8 7 1		77 0 7 1		
78 0 8 1		78 0 1 1		78 1 8 1		78 1 2 1		78 2 8 1		78 2 3 1		78 3 8 1		78 3 4 1		78 4 8 1		78 4 5 1		78 5 8 1		78 5 6 1		78 6 8 1		78 6 7 1		78 7 8 1		78 7 0 1		78 8 0 1		78 1 0 1		78 8 1 1		78 2 1 1		78 8 2 1		78 3 2 1		78 8 3 1		78 4 3 1		78 8 4 1		78 5 4 1		78 8 5 1		78 6 5 1		78 8 6 1		78 7 6 1		78 8 7 1		78 0 7 1		
79 0 8 1		79 0 1 1		79 1 8 1		79 1 2 1		79 2 8 1		79 2 3 1		79 3 8 1		79 3 4 1		79 4 8 1		79 4 5 1		79 5 8 1		79 5 6 1		79 6 8 1		79 6 7 1		79 7 8 1		79 7 0 1		79 8 0 1		79 1 0 1		79 8 1 1		79 2 1 1		79 8 2 1		79 3 2 1		79 8 3 1		79 4 3 1		79 8 4 1		79 5 4 1		79 8 5 1		79 6 5 1		79 8 6 1		79 7 6 1		79 8 7 1		79 0 7 1		
80 0 8 1		80 0 1 1		80 1 8 1		80 1 2 1		80 2 8 1		80 2 3 1		80 3 8 1		80 3 4 1		80 4 8 1		80 4 5 1		80 5 8 1		80 5 6 1		80 6 8 1		80 6 7 1		80 7 8 1		80 7 0 1		80 8 0 1		80 1 0 1		80 8 1 1		80 2 1 1		80 8 2 1		80 3 2 1		80 8 3 1		80 4 3 1		80 8 4 1		80 5 4 1		80 8 5 1		80 6 5 1		80 8 6 1		80 7 6 1		80 8 7 1		80 0 7 1		
81 0 8 1		81 0 1 1		81 1 8 1		81 1 2 1		81 2 8 1		81 2 3 1		81 3 8 1		81 3 4 1		81 4 8 1		81 4 5 1		81 5 8 1		81 5 6 1		81 6 8 1		81 6 7 1		81 7 8 1		81 7 0 1		81 8 0 1		81 1 0 1		81 8 1 1		81 2 1 1		81 8 2 1		81 3 2 1		81 8 3 1		81 4 3 1		81 8 4 1		81 5 4 1		81 8 5 1		81 6 5 1		81 8 6 1		81 7 6 1		81 8 7 1		81 0 7 1		
82 0 8 1		82 0 1 1		82 1 8 1		82 1 2 1		82 2 8 1		82 2 3 1		82 3 8 1		82 3 4 1		82 4 8 1		82 4 5 1		82 5 8 1		82 5 6 1		82 6 8 1		82 6 7 1		82 7 8 1		82 7 0 1		82 8 0 1		82 1 0 1		82 8 1 1		82 2 1 1		82 8 2 1		82 3 2 1		82 8 3 1		82 4 3 1		82 8 4 1		82 5 4 1		82 8 5 1		82 6 5 1		82 8 6 1		82 7 6 1		82 8 7 1		82 0 7 1		
83 0 8 1		83 0 1 1		83 1 8 1		83 1 2 1		83 2 8 1		83 2 3 1		83 3 8 1		83 3 4 1		83 4 8 1		83 4 5 1		83 5 8 1		83 5 6 1		83 6 8 1		83 6 7 1		83 7 8 1		83 7 0 1		83 8 0 1		83 1 0 1		83 8 1 1		83 2 1 1		83 8 2 1		83 3 2 1		83 8 3 1		83 4 3 1		83 8 4 1		83 5 4 1		83 8 5 1		83 6 5 1		83 8 6 1		83 7 6 1		83 8 7 1		83 0 7 1		
84 0 8 1		84 0 1 1		84 1 8 1		84 1 2 1		84 2 8 1		84 2 3 1		84 3 8 1		84 3 4 1		84 4 8 1		84 4 5 1		84 5 8 1		84 5 6 1		84 6 8 1		84 6 7 1		84 7 8 1		84 7 0 1		84 8 0 1		84 1 0 1		84 8 1 1		84 2 1 1		84 8 2 1		84 3 2 1		84 8 3 1		84 4 3 1		84 8 4 1		84 5 4 1		84 8 5 1		84 6 5 1		84 8 6 1		84 7 6 1		84 8 7 1		84 0 7 1		
85 0 8 1		85 0 1 1		85 1 8 1		85 1 2 1		85 2 8 1		85 2 3 1		85 3 8 1		85 3 4 1		85 4 8 1		85 4 5 1		85 5 8 1		85 5 6 1		85 6 8 1		85 6 7 1		85 7 8 1		85 7 0 1		85 8 0 1		85 1 0 1		85 8 1 1		85 2 1 1		85 8 2 1		85 3 2 1		85 8 3 1		85 4 3 1		85 8 4 1		85 5 4 1		85 8 5 1		85 6 5 1		85 8 6 1		85 7 6 1		85 8 7 1		85 0 7 1		
86 0 8 1		86 0 1 1		86 1 8 1		86 1 2 1		86 2 8 1		86 2 3 1		86 3 8 1		86 3 4 1		86 4 8 1		86 4 5 1		86 5 8 1		86 5 6 1		86 6 8 1		86 6 7 1		86 7 8 1		86 7 0 1		86 8 0 1		86 1 0 1		86 8 1 1		86 2 1 1		86 8 2 1		86 3 2 1		86 8 3 1		86 4 3 1		86 8 4 1		86 5 4 1		86 8 5 1		86 6 5 1		86 8 6 1		86 7 6 1		86 8 7 1		86 0 7 1		
87 0 8 1		87 0 1 1		87 1 8 1		87 1 2 1		87 2 8 1		87 2 3 1		87 3 8 1		87 3 4 1		87 4 8 1		87 4 5 1		87 5 8 1		87 5 6 1		87 6 8 1		87 6 7 1		87 7 8 1		87 7 0 1		87 8 0 1		87 1 0 1		87 8 1 1		87 2 1 1		87 8 2 1		87 3 2 1		87 8 3 1		87 4 3 1		87 8 4 1		87 5 4 1		87 8 5 1		87 6 5 1		87 8 6 1		87 7 6 1		87 8 7 1		87 0 7 1		
88 0 8 1		88 0 1 1		88 1 8 1		88 1 2 1		88 2 8 1		88 2 3 1		88 3 8 1		88 3 4 1		88 4 8 1		88 4 5 1		88 5 8 1		88 5 6 1		88 6 8 1		88 6 7 1		88 7 8 1		88 7 0 1		88 8 0 1		88 1 0 1		88 8 1 1		88 2 1 1		88 8 2 1		88 3 2 1		88 8 3 1		88 4 3 1		88 8 4 1		88 5 4 1		88 8 5 1		88 6 5 1		88 8 6 1		88 7 6 1		88 8 7 1		88 0 7 1		
89 0 8 1		89 0 1 1		89 1 8 1		89 1 2 1		89 2 8 1		89 2 3 1		89 3 8 1		89 3 4 1		89 4 8 1		89 4 5 1		89 5 8 1		89 5 6 1		89 6 8 1		89 6 7 1		89 7 8 1		89 7 0 1		89 8 0 1		89 1 0 1		89 8 1 1		89 2 1 1		89 8 2 1		89 3 2 1		89 8 3 1		89 4 3 1		89 8 4 1		89 5 4 1		89 8 5 1		89 6 5 1		89 8 6 1		89 7 6 1		89 8 7 1		89 0 7 1		
90 0 8 1		90 0 1 1		90 1 8 1		90 1 2 1		90 2 8 1		90 2 3 1		90 3 8 1		90 3 4 1		90 4 8 1		90 4 5 1		90 5 8 1		90 5 6 1		90 6 8 1		90 6 7 1		90 7 8 1		90 7 0 1		90 8 0 1		90 1 0 1		90 8 1 1		90 2 1 1		90 8 2 1		90 3 2 1		90 8 3 1		90 4 3 1		90 8 4 1		90 5 4 1		90 8 5 1		90 6 5 1		90 8 6 1		90 7 6 1		90 8 7 1		90 0 7 1		
91 0 8 1		91 0 1 1		91 1 8 1		91 1 2 1		91 2 8 1		91 2 3 1		91 3 8 1		91 3 4 1		91 4 8 1		91 4 5 1		91 5 8 1		91 5 6 1		91 6 8 1		91 6 7 1		91 7 8 1		91 7 0 1		91 8 0 1		91 1 0 1		91 8 1 1		91 2 1 1		91 8 2 1		91 3 2 1		91 8 3 1		91 4 3 1		91 8 4 1		91 5 4 1		91 8 5 1		91 6 5 1		91 8 6 1		91 7 6 1		91 8 7 1		91 0 7 1		
92 0 8 1		92 0 1 1		92 1 8 1		92 1 2 1		92 2 8 1		92 2 3 1		92 3 8 1		92 3 4 1		92 4 8 1		92 4 5 1		92 5 8 1		92 5 6 1		92 6 8 1		92 6 7 1		92 7 8 1		92 7 0 1		92 8 0 1		92 1 0 1		92 8 1 1		92 2 1 1		92 8 2 1		92 3 2 1		92 8 3 1		92 4 3 1		92 8 4 1		92 5 4 1		92 8 5 1		92 6 5 1		92 8 6 1		92 7 6 1		92 8 7 1		92 0 7 1		
93 0 8 1		93 0 1 1		93 1 8 1		93 1 2 1		93 2 8 1		93 2 3 1		93 3 8 1		93 3 4 1		93 4 8 1		93 4 5 1		93 5 8 1		93 5 6 1		93 6 8 1		93 6 7 1		93 7 8 1		93 7 0 1		93 8 0 1		93 1 0 1		93 8 1 1		93 2 1 1		93 8 2 1		93 3 2 1		93 8 3 1		93 4 3 1		93 8 4 1		93 5 4 1		93 8 5 1		93 6 5 1		93 8 6 1		93 7 6 1		93 8 7 1		93 0 7 1		
94 0 8 1		94 0 1 1		94 1 8 1		94 1 2 1		94 2 8 1		94 2 3 1		94 3 8 1		94 3 4 1		94 4 8 1		94 4 5 1		94 5 8 1		94 5 6 1		94 6 8 1		94 6 7 1		94 7 8 1		94 7 0 1		94 8 0 1		94 1 0 1		94 8 1 1		94 2 1 1		94 8 2 1		94 3 2 1		94 8 3 1		94 4 3 1		94 8 4 1		94 5 4 1		94 8 5 1		94 6 5 1		94 8 6 1		94 7 6 1		94 8 7 1		94 0 7 1		
95 0 8 1		95 0 1 1		95 1 8 1		95 1 2 1		95 2 8 1		95 2 3 1		95 3 8 1		95 3 4 1		95 4 8 1		95 4 5 1		95 5 8 1		95 5 6 1		95 6 8 1		95 6 7 1		95 7 8 1		95 7 0 1		95 8 0 1		95 1 0 1		95 8 1 1		95 2 1 1		95 8 2 1		95 3 2 1		95 8 3 1		95 4 3 1		95 8 4 1		95 5 4 1		95 8 5 1		95 6 5 1		95 8 6 1		95 7 6 1		95 8 7 1		95 0 7 1		
96 0 8 1		96 0 1 1		96 1 8 1		96 1 2 1		96 2 8 1		96 2 3 1		96 3 8 1		96 3 4 1		96 4 8 1		96 4 5 1		96 5 8 1		96 5 6 1		96 6 8 1		96 6 7 1		96 7 8 1		96 7 0 1		96 8 0 1		96 1 0 1		96 8 1 1		96 2 1 1		96 8 2 1		96 3 2 1		96 8 3 1		96 4 3 1		96 8 4 1		96 5 4 1		96 8 5 1		96 6 5 1		96 8 6 1		96 7 6 1		96 8 7 1		96 0 7 1		
97 0 8 1		97 0 1 1		97 1 8 1		97 1 2 1		97 2 8 1		97 2 3 1		97 3 8 1		97 3 4 1		97 4 8 1		97 4 5 1		97 5 8 1		97 5 6 1		97 6 8 1		97 6 7 1		97 7 8 1		97 7 0 1		97 8 0 1		97 1 0 1		97 8 1 1		97 2 1 1		97 8 2 1		97 3 2 1		97 8 3 1		97 4 3 1		97 8 4 1		97 5 4 1		97 8 5 1		97 6 5 1		97 8 6 1		97 7 6 1		97 8 7 1		97 0 7 1		
98 0 8 1		98 0 1 1		98 1 8 1		98 1 2 1		98 2 8 1		98 2 3 1		98 3 8 1		98 3 4 1		98 4 8 1		98 4 5 1		98 5 8 1		98 5 6 1		98 6 8 1		98 6 7 1		98 7 8 1		98 7 0 1		98 8 0 1		98 1 0 1		98 8 1 1		98 2 1 1		98 8 2 1		98 3 2 1		98 8 3 1		98 4 3 1		98 8 4 1		98 5 4 1		98 8 5 1		98 6 5 1		98 8 6 1		98 7 6 1		98 8 7 1		98 0 7 1		
99 0 8 1		99 0 1 1		99 1 8 1		99 1 2 1		99 2 8 1		99 2 3 1		99 3 8 1		99 3 4 1		99 4 8 1		99 4 5 1		99 5 8 1		99 5 6 1		99 6 8 1		99 6 7 1		99 7 8 1		99 7 0 1		99 8 0 1		99 1 0 1		99 8 1 1		99 2 1 1		99 8 2 1		99 3 2 1		99 8 3 1		99 4 3 1		99 8 4 1		99 5 4 1		99 8 5 1		99 6 5 1		99 8 6 1		99 7 6 1		99 8 7 1		99 0 7 1		 ;
param v_max:=
0 0 8 2		0 0 1 2		0 1 8 2		0 1 2 2		0 2 8 2		0 2 3 2		0 3 8 2		0 3 4 2		0 4 8 2		0 4 5 2		0 5 8 2		0 5 6 2		0 6 8 2		0 6 7 2		0 7 8 2		0 7 0 2		0 8 0 2		0 1 0 2		0 8 1 2		0 2 1 2		0 8 2 2		0 3 2 2		0 8 3 2		0 4 3 2		0 8 4 2		0 5 4 2		0 8 5 2		0 6 5 2		0 8 6 2		0 7 6 2		0 8 7 2		0 0 7 2		
1 0 8 2		1 0 1 2		1 1 8 2		1 1 2 2		1 2 8 2		1 2 3 2		1 3 8 2		1 3 4 2		1 4 8 2		1 4 5 2		1 5 8 2		1 5 6 2		1 6 8 2		1 6 7 2		1 7 8 2		1 7 0 2		1 8 0 2		1 1 0 2		1 8 1 2		1 2 1 2		1 8 2 2		1 3 2 2		1 8 3 2		1 4 3 2		1 8 4 2		1 5 4 2		1 8 5 2		1 6 5 2		1 8 6 2		1 7 6 2		1 8 7 2		1 0 7 2		
2 0 8 2		2 0 1 2		2 1 8 2		2 1 2 2		2 2 8 2		2 2 3 2		2 3 8 2		2 3 4 2		2 4 8 2		2 4 5 2		2 5 8 2		2 5 6 2		2 6 8 2		2 6 7 2		2 7 8 2		2 7 0 2		2 8 0 2		2 1 0 2		2 8 1 2		2 2 1 2		2 8 2 2		2 3 2 2		2 8 3 2		2 4 3 2		2 8 4 2		2 5 4 2		2 8 5 2		2 6 5 2		2 8 6 2		2 7 6 2		2 8 7 2		2 0 7 2		
3 0 8 2		3 0 1 2		3 1 8 2		3 1 2 2		3 2 8 2		3 2 3 2		3 3 8 2		3 3 4 2		3 4 8 2		3 4 5 2		3 5 8 2		3 5 6 2		3 6 8 2		3 6 7 2		3 7 8 2		3 7 0 2		3 8 0 2		3 1 0 2		3 8 1 2		3 2 1 2		3 8 2 2		3 3 2 2		3 8 3 2		3 4 3 2		3 8 4 2		3 5 4 2		3 8 5 2		3 6 5 2		3 8 6 2		3 7 6 2		3 8 7 2		3 0 7 2		
4 0 8 2		4 0 1 2		4 1 8 2		4 1 2 2		4 2 8 2		4 2 3 2		4 3 8 2		4 3 4 2		4 4 8 2		4 4 5 2		4 5 8 2		4 5 6 2		4 6 8 2		4 6 7 2		4 7 8 2		4 7 0 2		4 8 0 2		4 1 0 2		4 8 1 2		4 2 1 2		4 8 2 2		4 3 2 2		4 8 3 2		4 4 3 2		4 8 4 2		4 5 4 2		4 8 5 2		4 6 5 2		4 8 6 2		4 7 6 2		4 8 7 2		4 0 7 2		
5 0 8 2		5 0 1 2		5 1 8 2		5 1 2 2		5 2 8 2		5 2 3 2		5 3 8 2		5 3 4 2		5 4 8 2		5 4 5 2		5 5 8 2		5 5 6 2		5 6 8 2		5 6 7 2		5 7 8 2		5 7 0 2		5 8 0 2		5 1 0 2		5 8 1 2		5 2 1 2		5 8 2 2		5 3 2 2		5 8 3 2		5 4 3 2		5 8 4 2		5 5 4 2		5 8 5 2		5 6 5 2		5 8 6 2		5 7 6 2		5 8 7 2		5 0 7 2		
6 0 8 2		6 0 1 2		6 1 8 2		6 1 2 2		6 2 8 2		6 2 3 2		6 3 8 2		6 3 4 2		6 4 8 2		6 4 5 2		6 5 8 2		6 5 6 2		6 6 8 2		6 6 7 2		6 7 8 2		6 7 0 2		6 8 0 2		6 1 0 2		6 8 1 2		6 2 1 2		6 8 2 2		6 3 2 2		6 8 3 2		6 4 3 2		6 8 4 2		6 5 4 2		6 8 5 2		6 6 5 2		6 8 6 2		6 7 6 2		6 8 7 2		6 0 7 2		
7 0 8 2		7 0 1 2		7 1 8 2		7 1 2 2		7 2 8 2		7 2 3 2		7 3 8 2		7 3 4 2		7 4 8 2		7 4 5 2		7 5 8 2		7 5 6 2		7 6 8 2		7 6 7 2		7 7 8 2		7 7 0 2		7 8 0 2		7 1 0 2		7 8 1 2		7 2 1 2		7 8 2 2		7 3 2 2		7 8 3 2		7 4 3 2		7 8 4 2		7 5 4 2		7 8 5 2		7 6 5 2		7 8 6 2		7 7 6 2		7 8 7 2		7 0 7 2		
8 0 8 2		8 0 1 2		8 1 8 2		8 1 2 2		8 2 8 2		8 2 3 2		8 3 8 2		8 3 4 2		8 4 8 2		8 4 5 2		8 5 8 2		8 5 6 2		8 6 8 2		8 6 7 2		8 7 8 2		8 7 0 2		8 8 0 2		8 1 0 2		8 8 1 2		8 2 1 2		8 8 2 2		8 3 2 2		8 8 3 2		8 4 3 2		8 8 4 2		8 5 4 2		8 8 5 2		8 6 5 2		8 8 6 2		8 7 6 2		8 8 7 2		8 0 7 2		
9 0 8 2		9 0 1 2		9 1 8 2		9 1 2 2		9 2 8 2		9 2 3 2		9 3 8 2		9 3 4 2		9 4 8 2		9 4 5 2		9 5 8 2		9 5 6 2		9 6 8 2		9 6 7 2		9 7 8 2		9 7 0 2		9 8 0 2		9 1 0 2		9 8 1 2		9 2 1 2		9 8 2 2		9 3 2 2		9 8 3 2		9 4 3 2		9 8 4 2		9 5 4 2		9 8 5 2		9 6 5 2		9 8 6 2		9 7 6 2		9 8 7 2		9 0 7 2		
10 0 8 2		10 0 1 2		10 1 8 2		10 1 2 2		10 2 8 2		10 2 3 2		10 3 8 2		10 3 4 2		10 4 8 2		10 4 5 2		10 5 8 2		10 5 6 2		10 6 8 2		10 6 7 2		10 7 8 2		10 7 0 2		10 8 0 2		10 1 0 2		10 8 1 2		10 2 1 2		10 8 2 2		10 3 2 2		10 8 3 2		10 4 3 2		10 8 4 2		10 5 4 2		10 8 5 2		10 6 5 2		10 8 6 2		10 7 6 2		10 8 7 2		10 0 7 2		
11 0 8 2		11 0 1 2		11 1 8 2		11 1 2 2		11 2 8 2		11 2 3 2		11 3 8 2		11 3 4 2		11 4 8 2		11 4 5 2		11 5 8 2		11 5 6 2		11 6 8 2		11 6 7 2		11 7 8 2		11 7 0 2		11 8 0 2		11 1 0 2		11 8 1 2		11 2 1 2		11 8 2 2		11 3 2 2		11 8 3 2		11 4 3 2		11 8 4 2		11 5 4 2		11 8 5 2		11 6 5 2		11 8 6 2		11 7 6 2		11 8 7 2		11 0 7 2		
12 0 8 2		12 0 1 2		12 1 8 2		12 1 2 2		12 2 8 2		12 2 3 2		12 3 8 2		12 3 4 2		12 4 8 2		12 4 5 2		12 5 8 2		12 5 6 2		12 6 8 2		12 6 7 2		12 7 8 2		12 7 0 2		12 8 0 2		12 1 0 2		12 8 1 2		12 2 1 2		12 8 2 2		12 3 2 2		12 8 3 2		12 4 3 2		12 8 4 2		12 5 4 2		12 8 5 2		12 6 5 2		12 8 6 2		12 7 6 2		12 8 7 2		12 0 7 2		
13 0 8 2		13 0 1 2		13 1 8 2		13 1 2 2		13 2 8 2		13 2 3 2		13 3 8 2		13 3 4 2		13 4 8 2		13 4 5 2		13 5 8 2		13 5 6 2		13 6 8 2		13 6 7 2		13 7 8 2		13 7 0 2		13 8 0 2		13 1 0 2		13 8 1 2		13 2 1 2		13 8 2 2		13 3 2 2		13 8 3 2		13 4 3 2		13 8 4 2		13 5 4 2		13 8 5 2		13 6 5 2		13 8 6 2		13 7 6 2		13 8 7 2		13 0 7 2		
14 0 8 2		14 0 1 2		14 1 8 2		14 1 2 2		14 2 8 2		14 2 3 2		14 3 8 2		14 3 4 2		14 4 8 2		14 4 5 2		14 5 8 2		14 5 6 2		14 6 8 2		14 6 7 2		14 7 8 2		14 7 0 2		14 8 0 2		14 1 0 2		14 8 1 2		14 2 1 2		14 8 2 2		14 3 2 2		14 8 3 2		14 4 3 2		14 8 4 2		14 5 4 2		14 8 5 2		14 6 5 2		14 8 6 2		14 7 6 2		14 8 7 2		14 0 7 2		
15 0 8 2		15 0 1 2		15 1 8 2		15 1 2 2		15 2 8 2		15 2 3 2		15 3 8 2		15 3 4 2		15 4 8 2		15 4 5 2		15 5 8 2		15 5 6 2		15 6 8 2		15 6 7 2		15 7 8 2		15 7 0 2		15 8 0 2		15 1 0 2		15 8 1 2		15 2 1 2		15 8 2 2		15 3 2 2		15 8 3 2		15 4 3 2		15 8 4 2		15 5 4 2		15 8 5 2		15 6 5 2		15 8 6 2		15 7 6 2		15 8 7 2		15 0 7 2		
16 0 8 2		16 0 1 2		16 1 8 2		16 1 2 2		16 2 8 2		16 2 3 2		16 3 8 2		16 3 4 2		16 4 8 2		16 4 5 2		16 5 8 2		16 5 6 2		16 6 8 2		16 6 7 2		16 7 8 2		16 7 0 2		16 8 0 2		16 1 0 2		16 8 1 2		16 2 1 2		16 8 2 2		16 3 2 2		16 8 3 2		16 4 3 2		16 8 4 2		16 5 4 2		16 8 5 2		16 6 5 2		16 8 6 2		16 7 6 2		16 8 7 2		16 0 7 2		
17 0 8 2		17 0 1 2		17 1 8 2		17 1 2 2		17 2 8 2		17 2 3 2		17 3 8 2		17 3 4 2		17 4 8 2		17 4 5 2		17 5 8 2		17 5 6 2		17 6 8 2		17 6 7 2		17 7 8 2		17 7 0 2		17 8 0 2		17 1 0 2		17 8 1 2		17 2 1 2		17 8 2 2		17 3 2 2		17 8 3 2		17 4 3 2		17 8 4 2		17 5 4 2		17 8 5 2		17 6 5 2		17 8 6 2		17 7 6 2		17 8 7 2		17 0 7 2		
18 0 8 2		18 0 1 2		18 1 8 2		18 1 2 2		18 2 8 2		18 2 3 2		18 3 8 2		18 3 4 2		18 4 8 2		18 4 5 2		18 5 8 2		18 5 6 2		18 6 8 2		18 6 7 2		18 7 8 2		18 7 0 2		18 8 0 2		18 1 0 2		18 8 1 2		18 2 1 2		18 8 2 2		18 3 2 2		18 8 3 2		18 4 3 2		18 8 4 2		18 5 4 2		18 8 5 2		18 6 5 2		18 8 6 2		18 7 6 2		18 8 7 2		18 0 7 2		
19 0 8 2		19 0 1 2		19 1 8 2		19 1 2 2		19 2 8 2		19 2 3 2		19 3 8 2		19 3 4 2		19 4 8 2		19 4 5 2		19 5 8 2		19 5 6 2		19 6 8 2		19 6 7 2		19 7 8 2		19 7 0 2		19 8 0 2		19 1 0 2		19 8 1 2		19 2 1 2		19 8 2 2		19 3 2 2		19 8 3 2		19 4 3 2		19 8 4 2		19 5 4 2		19 8 5 2		19 6 5 2		19 8 6 2		19 7 6 2		19 8 7 2		19 0 7 2		
20 0 8 2		20 0 1 2		20 1 8 2		20 1 2 2		20 2 8 2		20 2 3 2		20 3 8 2		20 3 4 2		20 4 8 2		20 4 5 2		20 5 8 2		20 5 6 2		20 6 8 2		20 6 7 2		20 7 8 2		20 7 0 2		20 8 0 2		20 1 0 2		20 8 1 2		20 2 1 2		20 8 2 2		20 3 2 2		20 8 3 2		20 4 3 2		20 8 4 2		20 5 4 2		20 8 5 2		20 6 5 2		20 8 6 2		20 7 6 2		20 8 7 2		20 0 7 2		
21 0 8 2		21 0 1 2		21 1 8 2		21 1 2 2		21 2 8 2		21 2 3 2		21 3 8 2		21 3 4 2		21 4 8 2		21 4 5 2		21 5 8 2		21 5 6 2		21 6 8 2		21 6 7 2		21 7 8 2		21 7 0 2		21 8 0 2		21 1 0 2		21 8 1 2		21 2 1 2		21 8 2 2		21 3 2 2		21 8 3 2		21 4 3 2		21 8 4 2		21 5 4 2		21 8 5 2		21 6 5 2		21 8 6 2		21 7 6 2		21 8 7 2		21 0 7 2		
22 0 8 2		22 0 1 2		22 1 8 2		22 1 2 2		22 2 8 2		22 2 3 2		22 3 8 2		22 3 4 2		22 4 8 2		22 4 5 2		22 5 8 2		22 5 6 2		22 6 8 2		22 6 7 2		22 7 8 2		22 7 0 2		22 8 0 2		22 1 0 2		22 8 1 2		22 2 1 2		22 8 2 2		22 3 2 2		22 8 3 2		22 4 3 2		22 8 4 2		22 5 4 2		22 8 5 2		22 6 5 2		22 8 6 2		22 7 6 2		22 8 7 2		22 0 7 2		
23 0 8 2		23 0 1 2		23 1 8 2		23 1 2 2		23 2 8 2		23 2 3 2		23 3 8 2		23 3 4 2		23 4 8 2		23 4 5 2		23 5 8 2		23 5 6 2		23 6 8 2		23 6 7 2		23 7 8 2		23 7 0 2		23 8 0 2		23 1 0 2		23 8 1 2		23 2 1 2		23 8 2 2		23 3 2 2		23 8 3 2		23 4 3 2		23 8 4 2		23 5 4 2		23 8 5 2		23 6 5 2		23 8 6 2		23 7 6 2		23 8 7 2		23 0 7 2		
24 0 8 2		24 0 1 2		24 1 8 2		24 1 2 2		24 2 8 2		24 2 3 2		24 3 8 2		24 3 4 2		24 4 8 2		24 4 5 2		24 5 8 2		24 5 6 2		24 6 8 2		24 6 7 2		24 7 8 2		24 7 0 2		24 8 0 2		24 1 0 2		24 8 1 2		24 2 1 2		24 8 2 2		24 3 2 2		24 8 3 2		24 4 3 2		24 8 4 2		24 5 4 2		24 8 5 2		24 6 5 2		24 8 6 2		24 7 6 2		24 8 7 2		24 0 7 2		
25 0 8 2		25 0 1 2		25 1 8 2		25 1 2 2		25 2 8 2		25 2 3 2		25 3 8 2		25 3 4 2		25 4 8 2		25 4 5 2		25 5 8 2		25 5 6 2		25 6 8 2		25 6 7 2		25 7 8 2		25 7 0 2		25 8 0 2		25 1 0 2		25 8 1 2		25 2 1 2		25 8 2 2		25 3 2 2		25 8 3 2		25 4 3 2		25 8 4 2		25 5 4 2		25 8 5 2		25 6 5 2		25 8 6 2		25 7 6 2		25 8 7 2		25 0 7 2		
26 0 8 2		26 0 1 2		26 1 8 2		26 1 2 2		26 2 8 2		26 2 3 2		26 3 8 2		26 3 4 2		26 4 8 2		26 4 5 2		26 5 8 2		26 5 6 2		26 6 8 2		26 6 7 2		26 7 8 2		26 7 0 2		26 8 0 2		26 1 0 2		26 8 1 2		26 2 1 2		26 8 2 2		26 3 2 2		26 8 3 2		26 4 3 2		26 8 4 2		26 5 4 2		26 8 5 2		26 6 5 2		26 8 6 2		26 7 6 2		26 8 7 2		26 0 7 2		
27 0 8 2		27 0 1 2		27 1 8 2		27 1 2 2		27 2 8 2		27 2 3 2		27 3 8 2		27 3 4 2		27 4 8 2		27 4 5 2		27 5 8 2		27 5 6 2		27 6 8 2		27 6 7 2		27 7 8 2		27 7 0 2		27 8 0 2		27 1 0 2		27 8 1 2		27 2 1 2		27 8 2 2		27 3 2 2		27 8 3 2		27 4 3 2		27 8 4 2		27 5 4 2		27 8 5 2		27 6 5 2		27 8 6 2		27 7 6 2		27 8 7 2		27 0 7 2		
28 0 8 2		28 0 1 2		28 1 8 2		28 1 2 2		28 2 8 2		28 2 3 2		28 3 8 2		28 3 4 2		28 4 8 2		28 4 5 2		28 5 8 2		28 5 6 2		28 6 8 2		28 6 7 2		28 7 8 2		28 7 0 2		28 8 0 2		28 1 0 2		28 8 1 2		28 2 1 2		28 8 2 2		28 3 2 2		28 8 3 2		28 4 3 2		28 8 4 2		28 5 4 2		28 8 5 2		28 6 5 2		28 8 6 2		28 7 6 2		28 8 7 2		28 0 7 2		
29 0 8 2		29 0 1 2		29 1 8 2		29 1 2 2		29 2 8 2		29 2 3 2		29 3 8 2		29 3 4 2		29 4 8 2		29 4 5 2		29 5 8 2		29 5 6 2		29 6 8 2		29 6 7 2		29 7 8 2		29 7 0 2		29 8 0 2		29 1 0 2		29 8 1 2		29 2 1 2		29 8 2 2		29 3 2 2		29 8 3 2		29 4 3 2		29 8 4 2		29 5 4 2		29 8 5 2		29 6 5 2		29 8 6 2		29 7 6 2		29 8 7 2		29 0 7 2		
30 0 8 2		30 0 1 2		30 1 8 2		30 1 2 2		30 2 8 2		30 2 3 2		30 3 8 2		30 3 4 2		30 4 8 2		30 4 5 2		30 5 8 2		30 5 6 2		30 6 8 2		30 6 7 2		30 7 8 2		30 7 0 2		30 8 0 2		30 1 0 2		30 8 1 2		30 2 1 2		30 8 2 2		30 3 2 2		30 8 3 2		30 4 3 2		30 8 4 2		30 5 4 2		30 8 5 2		30 6 5 2		30 8 6 2		30 7 6 2		30 8 7 2		30 0 7 2		
31 0 8 2		31 0 1 2		31 1 8 2		31 1 2 2		31 2 8 2		31 2 3 2		31 3 8 2		31 3 4 2		31 4 8 2		31 4 5 2		31 5 8 2		31 5 6 2		31 6 8 2		31 6 7 2		31 7 8 2		31 7 0 2		31 8 0 2		31 1 0 2		31 8 1 2		31 2 1 2		31 8 2 2		31 3 2 2		31 8 3 2		31 4 3 2		31 8 4 2		31 5 4 2		31 8 5 2		31 6 5 2		31 8 6 2		31 7 6 2		31 8 7 2		31 0 7 2		
32 0 8 2		32 0 1 2		32 1 8 2		32 1 2 2		32 2 8 2		32 2 3 2		32 3 8 2		32 3 4 2		32 4 8 2		32 4 5 2		32 5 8 2		32 5 6 2		32 6 8 2		32 6 7 2		32 7 8 2		32 7 0 2		32 8 0 2		32 1 0 2		32 8 1 2		32 2 1 2		32 8 2 2		32 3 2 2		32 8 3 2		32 4 3 2		32 8 4 2		32 5 4 2		32 8 5 2		32 6 5 2		32 8 6 2		32 7 6 2		32 8 7 2		32 0 7 2		
33 0 8 2		33 0 1 2		33 1 8 2		33 1 2 2		33 2 8 2		33 2 3 2		33 3 8 2		33 3 4 2		33 4 8 2		33 4 5 2		33 5 8 2		33 5 6 2		33 6 8 2		33 6 7 2		33 7 8 2		33 7 0 2		33 8 0 2		33 1 0 2		33 8 1 2		33 2 1 2		33 8 2 2		33 3 2 2		33 8 3 2		33 4 3 2		33 8 4 2		33 5 4 2		33 8 5 2		33 6 5 2		33 8 6 2		33 7 6 2		33 8 7 2		33 0 7 2		
34 0 8 2		34 0 1 2		34 1 8 2		34 1 2 2		34 2 8 2		34 2 3 2		34 3 8 2		34 3 4 2		34 4 8 2		34 4 5 2		34 5 8 2		34 5 6 2		34 6 8 2		34 6 7 2		34 7 8 2		34 7 0 2		34 8 0 2		34 1 0 2		34 8 1 2		34 2 1 2		34 8 2 2		34 3 2 2		34 8 3 2		34 4 3 2		34 8 4 2		34 5 4 2		34 8 5 2		34 6 5 2		34 8 6 2		34 7 6 2		34 8 7 2		34 0 7 2		
35 0 8 2		35 0 1 2		35 1 8 2		35 1 2 2		35 2 8 2		35 2 3 2		35 3 8 2		35 3 4 2		35 4 8 2		35 4 5 2		35 5 8 2		35 5 6 2		35 6 8 2		35 6 7 2		35 7 8 2		35 7 0 2		35 8 0 2		35 1 0 2		35 8 1 2		35 2 1 2		35 8 2 2		35 3 2 2		35 8 3 2		35 4 3 2		35 8 4 2		35 5 4 2		35 8 5 2		35 6 5 2		35 8 6 2		35 7 6 2		35 8 7 2		35 0 7 2		
36 0 8 2		36 0 1 2		36 1 8 2		36 1 2 2		36 2 8 2		36 2 3 2		36 3 8 2		36 3 4 2		36 4 8 2		36 4 5 2		36 5 8 2		36 5 6 2		36 6 8 2		36 6 7 2		36 7 8 2		36 7 0 2		36 8 0 2		36 1 0 2		36 8 1 2		36 2 1 2		36 8 2 2		36 3 2 2		36 8 3 2		36 4 3 2		36 8 4 2		36 5 4 2		36 8 5 2		36 6 5 2		36 8 6 2		36 7 6 2		36 8 7 2		36 0 7 2		
37 0 8 2		37 0 1 2		37 1 8 2		37 1 2 2		37 2 8 2		37 2 3 2		37 3 8 2		37 3 4 2		37 4 8 2		37 4 5 2		37 5 8 2		37 5 6 2		37 6 8 2		37 6 7 2		37 7 8 2		37 7 0 2		37 8 0 2		37 1 0 2		37 8 1 2		37 2 1 2		37 8 2 2		37 3 2 2		37 8 3 2		37 4 3 2		37 8 4 2		37 5 4 2		37 8 5 2		37 6 5 2		37 8 6 2		37 7 6 2		37 8 7 2		37 0 7 2		
38 0 8 2		38 0 1 2		38 1 8 2		38 1 2 2		38 2 8 2		38 2 3 2		38 3 8 2		38 3 4 2		38 4 8 2		38 4 5 2		38 5 8 2		38 5 6 2		38 6 8 2		38 6 7 2		38 7 8 2		38 7 0 2		38 8 0 2		38 1 0 2		38 8 1 2		38 2 1 2		38 8 2 2		38 3 2 2		38 8 3 2		38 4 3 2		38 8 4 2		38 5 4 2		38 8 5 2		38 6 5 2		38 8 6 2		38 7 6 2		38 8 7 2		38 0 7 2		
39 0 8 2		39 0 1 2		39 1 8 2		39 1 2 2		39 2 8 2		39 2 3 2		39 3 8 2		39 3 4 2		39 4 8 2		39 4 5 2		39 5 8 2		39 5 6 2		39 6 8 2		39 6 7 2		39 7 8 2		39 7 0 2		39 8 0 2		39 1 0 2		39 8 1 2		39 2 1 2		39 8 2 2		39 3 2 2		39 8 3 2		39 4 3 2		39 8 4 2		39 5 4 2		39 8 5 2		39 6 5 2		39 8 6 2		39 7 6 2		39 8 7 2		39 0 7 2		
40 0 8 2		40 0 1 2		40 1 8 2		40 1 2 2		40 2 8 2		40 2 3 2		40 3 8 2		40 3 4 2		40 4 8 2		40 4 5 2		40 5 8 2		40 5 6 2		40 6 8 2		40 6 7 2		40 7 8 2		40 7 0 2		40 8 0 2		40 1 0 2		40 8 1 2		40 2 1 2		40 8 2 2		40 3 2 2		40 8 3 2		40 4 3 2		40 8 4 2		40 5 4 2		40 8 5 2		40 6 5 2		40 8 6 2		40 7 6 2		40 8 7 2		40 0 7 2		
41 0 8 2		41 0 1 2		41 1 8 2		41 1 2 2		41 2 8 2		41 2 3 2		41 3 8 2		41 3 4 2		41 4 8 2		41 4 5 2		41 5 8 2		41 5 6 2		41 6 8 2		41 6 7 2		41 7 8 2		41 7 0 2		41 8 0 2		41 1 0 2		41 8 1 2		41 2 1 2		41 8 2 2		41 3 2 2		41 8 3 2		41 4 3 2		41 8 4 2		41 5 4 2		41 8 5 2		41 6 5 2		41 8 6 2		41 7 6 2		41 8 7 2		41 0 7 2		
42 0 8 2		42 0 1 2		42 1 8 2		42 1 2 2		42 2 8 2		42 2 3 2		42 3 8 2		42 3 4 2		42 4 8 2		42 4 5 2		42 5 8 2		42 5 6 2		42 6 8 2		42 6 7 2		42 7 8 2		42 7 0 2		42 8 0 2		42 1 0 2		42 8 1 2		42 2 1 2		42 8 2 2		42 3 2 2		42 8 3 2		42 4 3 2		42 8 4 2		42 5 4 2		42 8 5 2		42 6 5 2		42 8 6 2		42 7 6 2		42 8 7 2		42 0 7 2		
43 0 8 2		43 0 1 2		43 1 8 2		43 1 2 2		43 2 8 2		43 2 3 2		43 3 8 2		43 3 4 2		43 4 8 2		43 4 5 2		43 5 8 2		43 5 6 2		43 6 8 2		43 6 7 2		43 7 8 2		43 7 0 2		43 8 0 2		43 1 0 2		43 8 1 2		43 2 1 2		43 8 2 2		43 3 2 2		43 8 3 2		43 4 3 2		43 8 4 2		43 5 4 2		43 8 5 2		43 6 5 2		43 8 6 2		43 7 6 2		43 8 7 2		43 0 7 2		
44 0 8 2		44 0 1 2		44 1 8 2		44 1 2 2		44 2 8 2		44 2 3 2		44 3 8 2		44 3 4 2		44 4 8 2		44 4 5 2		44 5 8 2		44 5 6 2		44 6 8 2		44 6 7 2		44 7 8 2		44 7 0 2		44 8 0 2		44 1 0 2		44 8 1 2		44 2 1 2		44 8 2 2		44 3 2 2		44 8 3 2		44 4 3 2		44 8 4 2		44 5 4 2		44 8 5 2		44 6 5 2		44 8 6 2		44 7 6 2		44 8 7 2		44 0 7 2		
45 0 8 2		45 0 1 2		45 1 8 2		45 1 2 2		45 2 8 2		45 2 3 2		45 3 8 2		45 3 4 2		45 4 8 2		45 4 5 2		45 5 8 2		45 5 6 2		45 6 8 2		45 6 7 2		45 7 8 2		45 7 0 2		45 8 0 2		45 1 0 2		45 8 1 2		45 2 1 2		45 8 2 2		45 3 2 2		45 8 3 2		45 4 3 2		45 8 4 2		45 5 4 2		45 8 5 2		45 6 5 2		45 8 6 2		45 7 6 2		45 8 7 2		45 0 7 2		
46 0 8 2		46 0 1 2		46 1 8 2		46 1 2 2		46 2 8 2		46 2 3 2		46 3 8 2		46 3 4 2		46 4 8 2		46 4 5 2		46 5 8 2		46 5 6 2		46 6 8 2		46 6 7 2		46 7 8 2		46 7 0 2		46 8 0 2		46 1 0 2		46 8 1 2		46 2 1 2		46 8 2 2		46 3 2 2		46 8 3 2		46 4 3 2		46 8 4 2		46 5 4 2		46 8 5 2		46 6 5 2		46 8 6 2		46 7 6 2		46 8 7 2		46 0 7 2		
47 0 8 2		47 0 1 2		47 1 8 2		47 1 2 2		47 2 8 2		47 2 3 2		47 3 8 2		47 3 4 2		47 4 8 2		47 4 5 2		47 5 8 2		47 5 6 2		47 6 8 2		47 6 7 2		47 7 8 2		47 7 0 2		47 8 0 2		47 1 0 2		47 8 1 2		47 2 1 2		47 8 2 2		47 3 2 2		47 8 3 2		47 4 3 2		47 8 4 2		47 5 4 2		47 8 5 2		47 6 5 2		47 8 6 2		47 7 6 2		47 8 7 2		47 0 7 2		
48 0 8 2		48 0 1 2		48 1 8 2		48 1 2 2		48 2 8 2		48 2 3 2		48 3 8 2		48 3 4 2		48 4 8 2		48 4 5 2		48 5 8 2		48 5 6 2		48 6 8 2		48 6 7 2		48 7 8 2		48 7 0 2		48 8 0 2		48 1 0 2		48 8 1 2		48 2 1 2		48 8 2 2		48 3 2 2		48 8 3 2		48 4 3 2		48 8 4 2		48 5 4 2		48 8 5 2		48 6 5 2		48 8 6 2		48 7 6 2		48 8 7 2		48 0 7 2		
49 0 8 2		49 0 1 2		49 1 8 2		49 1 2 2		49 2 8 2		49 2 3 2		49 3 8 2		49 3 4 2		49 4 8 2		49 4 5 2		49 5 8 2		49 5 6 2		49 6 8 2		49 6 7 2		49 7 8 2		49 7 0 2		49 8 0 2		49 1 0 2		49 8 1 2		49 2 1 2		49 8 2 2		49 3 2 2		49 8 3 2		49 4 3 2		49 8 4 2		49 5 4 2		49 8 5 2		49 6 5 2		49 8 6 2		49 7 6 2		49 8 7 2		49 0 7 2		
50 0 8 2		50 0 1 2		50 1 8 2		50 1 2 2		50 2 8 2		50 2 3 2		50 3 8 2		50 3 4 2		50 4 8 2		50 4 5 2		50 5 8 2		50 5 6 2		50 6 8 2		50 6 7 2		50 7 8 2		50 7 0 2		50 8 0 2		50 1 0 2		50 8 1 2		50 2 1 2		50 8 2 2		50 3 2 2		50 8 3 2		50 4 3 2		50 8 4 2		50 5 4 2		50 8 5 2		50 6 5 2		50 8 6 2		50 7 6 2		50 8 7 2		50 0 7 2		
51 0 8 2		51 0 1 2		51 1 8 2		51 1 2 2		51 2 8 2		51 2 3 2		51 3 8 2		51 3 4 2		51 4 8 2		51 4 5 2		51 5 8 2		51 5 6 2		51 6 8 2		51 6 7 2		51 7 8 2		51 7 0 2		51 8 0 2		51 1 0 2		51 8 1 2		51 2 1 2		51 8 2 2		51 3 2 2		51 8 3 2		51 4 3 2		51 8 4 2		51 5 4 2		51 8 5 2		51 6 5 2		51 8 6 2		51 7 6 2		51 8 7 2		51 0 7 2		
52 0 8 2		52 0 1 2		52 1 8 2		52 1 2 2		52 2 8 2		52 2 3 2		52 3 8 2		52 3 4 2		52 4 8 2		52 4 5 2		52 5 8 2		52 5 6 2		52 6 8 2		52 6 7 2		52 7 8 2		52 7 0 2		52 8 0 2		52 1 0 2		52 8 1 2		52 2 1 2		52 8 2 2		52 3 2 2		52 8 3 2		52 4 3 2		52 8 4 2		52 5 4 2		52 8 5 2		52 6 5 2		52 8 6 2		52 7 6 2		52 8 7 2		52 0 7 2		
53 0 8 2		53 0 1 2		53 1 8 2		53 1 2 2		53 2 8 2		53 2 3 2		53 3 8 2		53 3 4 2		53 4 8 2		53 4 5 2		53 5 8 2		53 5 6 2		53 6 8 2		53 6 7 2		53 7 8 2		53 7 0 2		53 8 0 2		53 1 0 2		53 8 1 2		53 2 1 2		53 8 2 2		53 3 2 2		53 8 3 2		53 4 3 2		53 8 4 2		53 5 4 2		53 8 5 2		53 6 5 2		53 8 6 2		53 7 6 2		53 8 7 2		53 0 7 2		
54 0 8 2		54 0 1 2		54 1 8 2		54 1 2 2		54 2 8 2		54 2 3 2		54 3 8 2		54 3 4 2		54 4 8 2		54 4 5 2		54 5 8 2		54 5 6 2		54 6 8 2		54 6 7 2		54 7 8 2		54 7 0 2		54 8 0 2		54 1 0 2		54 8 1 2		54 2 1 2		54 8 2 2		54 3 2 2		54 8 3 2		54 4 3 2		54 8 4 2		54 5 4 2		54 8 5 2		54 6 5 2		54 8 6 2		54 7 6 2		54 8 7 2		54 0 7 2		
55 0 8 2		55 0 1 2		55 1 8 2		55 1 2 2		55 2 8 2		55 2 3 2		55 3 8 2		55 3 4 2		55 4 8 2		55 4 5 2		55 5 8 2		55 5 6 2		55 6 8 2		55 6 7 2		55 7 8 2		55 7 0 2		55 8 0 2		55 1 0 2		55 8 1 2		55 2 1 2		55 8 2 2		55 3 2 2		55 8 3 2		55 4 3 2		55 8 4 2		55 5 4 2		55 8 5 2		55 6 5 2		55 8 6 2		55 7 6 2		55 8 7 2		55 0 7 2		
56 0 8 2		56 0 1 2		56 1 8 2		56 1 2 2		56 2 8 2		56 2 3 2		56 3 8 2		56 3 4 2		56 4 8 2		56 4 5 2		56 5 8 2		56 5 6 2		56 6 8 2		56 6 7 2		56 7 8 2		56 7 0 2		56 8 0 2		56 1 0 2		56 8 1 2		56 2 1 2		56 8 2 2		56 3 2 2		56 8 3 2		56 4 3 2		56 8 4 2		56 5 4 2		56 8 5 2		56 6 5 2		56 8 6 2		56 7 6 2		56 8 7 2		56 0 7 2		
57 0 8 2		57 0 1 2		57 1 8 2		57 1 2 2		57 2 8 2		57 2 3 2		57 3 8 2		57 3 4 2		57 4 8 2		57 4 5 2		57 5 8 2		57 5 6 2		57 6 8 2		57 6 7 2		57 7 8 2		57 7 0 2		57 8 0 2		57 1 0 2		57 8 1 2		57 2 1 2		57 8 2 2		57 3 2 2		57 8 3 2		57 4 3 2		57 8 4 2		57 5 4 2		57 8 5 2		57 6 5 2		57 8 6 2		57 7 6 2		57 8 7 2		57 0 7 2		
58 0 8 2		58 0 1 2		58 1 8 2		58 1 2 2		58 2 8 2		58 2 3 2		58 3 8 2		58 3 4 2		58 4 8 2		58 4 5 2		58 5 8 2		58 5 6 2		58 6 8 2		58 6 7 2		58 7 8 2		58 7 0 2		58 8 0 2		58 1 0 2		58 8 1 2		58 2 1 2		58 8 2 2		58 3 2 2		58 8 3 2		58 4 3 2		58 8 4 2		58 5 4 2		58 8 5 2		58 6 5 2		58 8 6 2		58 7 6 2		58 8 7 2		58 0 7 2		
59 0 8 2		59 0 1 2		59 1 8 2		59 1 2 2		59 2 8 2		59 2 3 2		59 3 8 2		59 3 4 2		59 4 8 2		59 4 5 2		59 5 8 2		59 5 6 2		59 6 8 2		59 6 7 2		59 7 8 2		59 7 0 2		59 8 0 2		59 1 0 2		59 8 1 2		59 2 1 2		59 8 2 2		59 3 2 2		59 8 3 2		59 4 3 2		59 8 4 2		59 5 4 2		59 8 5 2		59 6 5 2		59 8 6 2		59 7 6 2		59 8 7 2		59 0 7 2		
60 0 8 2		60 0 1 2		60 1 8 2		60 1 2 2		60 2 8 2		60 2 3 2		60 3 8 2		60 3 4 2		60 4 8 2		60 4 5 2		60 5 8 2		60 5 6 2		60 6 8 2		60 6 7 2		60 7 8 2		60 7 0 2		60 8 0 2		60 1 0 2		60 8 1 2		60 2 1 2		60 8 2 2		60 3 2 2		60 8 3 2		60 4 3 2		60 8 4 2		60 5 4 2		60 8 5 2		60 6 5 2		60 8 6 2		60 7 6 2		60 8 7 2		60 0 7 2		
61 0 8 2		61 0 1 2		61 1 8 2		61 1 2 2		61 2 8 2		61 2 3 2		61 3 8 2		61 3 4 2		61 4 8 2		61 4 5 2		61 5 8 2		61 5 6 2		61 6 8 2		61 6 7 2		61 7 8 2		61 7 0 2		61 8 0 2		61 1 0 2		61 8 1 2		61 2 1 2		61 8 2 2		61 3 2 2		61 8 3 2		61 4 3 2		61 8 4 2		61 5 4 2		61 8 5 2		61 6 5 2		61 8 6 2		61 7 6 2		61 8 7 2		61 0 7 2		
62 0 8 2		62 0 1 2		62 1 8 2		62 1 2 2		62 2 8 2		62 2 3 2		62 3 8 2		62 3 4 2		62 4 8 2		62 4 5 2		62 5 8 2		62 5 6 2		62 6 8 2		62 6 7 2		62 7 8 2		62 7 0 2		62 8 0 2		62 1 0 2		62 8 1 2		62 2 1 2		62 8 2 2		62 3 2 2		62 8 3 2		62 4 3 2		62 8 4 2		62 5 4 2		62 8 5 2		62 6 5 2		62 8 6 2		62 7 6 2		62 8 7 2		62 0 7 2		
63 0 8 2		63 0 1 2		63 1 8 2		63 1 2 2		63 2 8 2		63 2 3 2		63 3 8 2		63 3 4 2		63 4 8 2		63 4 5 2		63 5 8 2		63 5 6 2		63 6 8 2		63 6 7 2		63 7 8 2		63 7 0 2		63 8 0 2		63 1 0 2		63 8 1 2		63 2 1 2		63 8 2 2		63 3 2 2		63 8 3 2		63 4 3 2		63 8 4 2		63 5 4 2		63 8 5 2		63 6 5 2		63 8 6 2		63 7 6 2		63 8 7 2		63 0 7 2		
64 0 8 2		64 0 1 2		64 1 8 2		64 1 2 2		64 2 8 2		64 2 3 2		64 3 8 2		64 3 4 2		64 4 8 2		64 4 5 2		64 5 8 2		64 5 6 2		64 6 8 2		64 6 7 2		64 7 8 2		64 7 0 2		64 8 0 2		64 1 0 2		64 8 1 2		64 2 1 2		64 8 2 2		64 3 2 2		64 8 3 2		64 4 3 2		64 8 4 2		64 5 4 2		64 8 5 2		64 6 5 2		64 8 6 2		64 7 6 2		64 8 7 2		64 0 7 2		
65 0 8 2		65 0 1 2		65 1 8 2		65 1 2 2		65 2 8 2		65 2 3 2		65 3 8 2		65 3 4 2		65 4 8 2		65 4 5 2		65 5 8 2		65 5 6 2		65 6 8 2		65 6 7 2		65 7 8 2		65 7 0 2		65 8 0 2		65 1 0 2		65 8 1 2		65 2 1 2		65 8 2 2		65 3 2 2		65 8 3 2		65 4 3 2		65 8 4 2		65 5 4 2		65 8 5 2		65 6 5 2		65 8 6 2		65 7 6 2		65 8 7 2		65 0 7 2		
66 0 8 2		66 0 1 2		66 1 8 2		66 1 2 2		66 2 8 2		66 2 3 2		66 3 8 2		66 3 4 2		66 4 8 2		66 4 5 2		66 5 8 2		66 5 6 2		66 6 8 2		66 6 7 2		66 7 8 2		66 7 0 2		66 8 0 2		66 1 0 2		66 8 1 2		66 2 1 2		66 8 2 2		66 3 2 2		66 8 3 2		66 4 3 2		66 8 4 2		66 5 4 2		66 8 5 2		66 6 5 2		66 8 6 2		66 7 6 2		66 8 7 2		66 0 7 2		
67 0 8 2		67 0 1 2		67 1 8 2		67 1 2 2		67 2 8 2		67 2 3 2		67 3 8 2		67 3 4 2		67 4 8 2		67 4 5 2		67 5 8 2		67 5 6 2		67 6 8 2		67 6 7 2		67 7 8 2		67 7 0 2		67 8 0 2		67 1 0 2		67 8 1 2		67 2 1 2		67 8 2 2		67 3 2 2		67 8 3 2		67 4 3 2		67 8 4 2		67 5 4 2		67 8 5 2		67 6 5 2		67 8 6 2		67 7 6 2		67 8 7 2		67 0 7 2		
68 0 8 2		68 0 1 2		68 1 8 2		68 1 2 2		68 2 8 2		68 2 3 2		68 3 8 2		68 3 4 2		68 4 8 2		68 4 5 2		68 5 8 2		68 5 6 2		68 6 8 2		68 6 7 2		68 7 8 2		68 7 0 2		68 8 0 2		68 1 0 2		68 8 1 2		68 2 1 2		68 8 2 2		68 3 2 2		68 8 3 2		68 4 3 2		68 8 4 2		68 5 4 2		68 8 5 2		68 6 5 2		68 8 6 2		68 7 6 2		68 8 7 2		68 0 7 2		
69 0 8 2		69 0 1 2		69 1 8 2		69 1 2 2		69 2 8 2		69 2 3 2		69 3 8 2		69 3 4 2		69 4 8 2		69 4 5 2		69 5 8 2		69 5 6 2		69 6 8 2		69 6 7 2		69 7 8 2		69 7 0 2		69 8 0 2		69 1 0 2		69 8 1 2		69 2 1 2		69 8 2 2		69 3 2 2		69 8 3 2		69 4 3 2		69 8 4 2		69 5 4 2		69 8 5 2		69 6 5 2		69 8 6 2		69 7 6 2		69 8 7 2		69 0 7 2		
70 0 8 2		70 0 1 2		70 1 8 2		70 1 2 2		70 2 8 2		70 2 3 2		70 3 8 2		70 3 4 2		70 4 8 2		70 4 5 2		70 5 8 2		70 5 6 2		70 6 8 2		70 6 7 2		70 7 8 2		70 7 0 2		70 8 0 2		70 1 0 2		70 8 1 2		70 2 1 2		70 8 2 2		70 3 2 2		70 8 3 2		70 4 3 2		70 8 4 2		70 5 4 2		70 8 5 2		70 6 5 2		70 8 6 2		70 7 6 2		70 8 7 2		70 0 7 2		
71 0 8 2		71 0 1 2		71 1 8 2		71 1 2 2		71 2 8 2		71 2 3 2		71 3 8 2		71 3 4 2		71 4 8 2		71 4 5 2		71 5 8 2		71 5 6 2		71 6 8 2		71 6 7 2		71 7 8 2		71 7 0 2		71 8 0 2		71 1 0 2		71 8 1 2		71 2 1 2		71 8 2 2		71 3 2 2		71 8 3 2		71 4 3 2		71 8 4 2		71 5 4 2		71 8 5 2		71 6 5 2		71 8 6 2		71 7 6 2		71 8 7 2		71 0 7 2		
72 0 8 2		72 0 1 2		72 1 8 2		72 1 2 2		72 2 8 2		72 2 3 2		72 3 8 2		72 3 4 2		72 4 8 2		72 4 5 2		72 5 8 2		72 5 6 2		72 6 8 2		72 6 7 2		72 7 8 2		72 7 0 2		72 8 0 2		72 1 0 2		72 8 1 2		72 2 1 2		72 8 2 2		72 3 2 2		72 8 3 2		72 4 3 2		72 8 4 2		72 5 4 2		72 8 5 2		72 6 5 2		72 8 6 2		72 7 6 2		72 8 7 2		72 0 7 2		
73 0 8 2		73 0 1 2		73 1 8 2		73 1 2 2		73 2 8 2		73 2 3 2		73 3 8 2		73 3 4 2		73 4 8 2		73 4 5 2		73 5 8 2		73 5 6 2		73 6 8 2		73 6 7 2		73 7 8 2		73 7 0 2		73 8 0 2		73 1 0 2		73 8 1 2		73 2 1 2		73 8 2 2		73 3 2 2		73 8 3 2		73 4 3 2		73 8 4 2		73 5 4 2		73 8 5 2		73 6 5 2		73 8 6 2		73 7 6 2		73 8 7 2		73 0 7 2		
74 0 8 2		74 0 1 2		74 1 8 2		74 1 2 2		74 2 8 2		74 2 3 2		74 3 8 2		74 3 4 2		74 4 8 2		74 4 5 2		74 5 8 2		74 5 6 2		74 6 8 2		74 6 7 2		74 7 8 2		74 7 0 2		74 8 0 2		74 1 0 2		74 8 1 2		74 2 1 2		74 8 2 2		74 3 2 2		74 8 3 2		74 4 3 2		74 8 4 2		74 5 4 2		74 8 5 2		74 6 5 2		74 8 6 2		74 7 6 2		74 8 7 2		74 0 7 2		
75 0 8 2		75 0 1 2		75 1 8 2		75 1 2 2		75 2 8 2		75 2 3 2		75 3 8 2		75 3 4 2		75 4 8 2		75 4 5 2		75 5 8 2		75 5 6 2		75 6 8 2		75 6 7 2		75 7 8 2		75 7 0 2		75 8 0 2		75 1 0 2		75 8 1 2		75 2 1 2		75 8 2 2		75 3 2 2		75 8 3 2		75 4 3 2		75 8 4 2		75 5 4 2		75 8 5 2		75 6 5 2		75 8 6 2		75 7 6 2		75 8 7 2		75 0 7 2		
76 0 8 2		76 0 1 2		76 1 8 2		76 1 2 2		76 2 8 2		76 2 3 2		76 3 8 2		76 3 4 2		76 4 8 2		76 4 5 2		76 5 8 2		76 5 6 2		76 6 8 2		76 6 7 2		76 7 8 2		76 7 0 2		76 8 0 2		76 1 0 2		76 8 1 2		76 2 1 2		76 8 2 2		76 3 2 2		76 8 3 2		76 4 3 2		76 8 4 2		76 5 4 2		76 8 5 2		76 6 5 2		76 8 6 2		76 7 6 2		76 8 7 2		76 0 7 2		
77 0 8 2		77 0 1 2		77 1 8 2		77 1 2 2		77 2 8 2		77 2 3 2		77 3 8 2		77 3 4 2		77 4 8 2		77 4 5 2		77 5 8 2		77 5 6 2		77 6 8 2		77 6 7 2		77 7 8 2		77 7 0 2		77 8 0 2		77 1 0 2		77 8 1 2		77 2 1 2		77 8 2 2		77 3 2 2		77 8 3 2		77 4 3 2		77 8 4 2		77 5 4 2		77 8 5 2		77 6 5 2		77 8 6 2		77 7 6 2		77 8 7 2		77 0 7 2		
78 0 8 2		78 0 1 2		78 1 8 2		78 1 2 2		78 2 8 2		78 2 3 2		78 3 8 2		78 3 4 2		78 4 8 2		78 4 5 2		78 5 8 2		78 5 6 2		78 6 8 2		78 6 7 2		78 7 8 2		78 7 0 2		78 8 0 2		78 1 0 2		78 8 1 2		78 2 1 2		78 8 2 2		78 3 2 2		78 8 3 2		78 4 3 2		78 8 4 2		78 5 4 2		78 8 5 2		78 6 5 2		78 8 6 2		78 7 6 2		78 8 7 2		78 0 7 2		
79 0 8 2		79 0 1 2		79 1 8 2		79 1 2 2		79 2 8 2		79 2 3 2		79 3 8 2		79 3 4 2		79 4 8 2		79 4 5 2		79 5 8 2		79 5 6 2		79 6 8 2		79 6 7 2		79 7 8 2		79 7 0 2		79 8 0 2		79 1 0 2		79 8 1 2		79 2 1 2		79 8 2 2		79 3 2 2		79 8 3 2		79 4 3 2		79 8 4 2		79 5 4 2		79 8 5 2		79 6 5 2		79 8 6 2		79 7 6 2		79 8 7 2		79 0 7 2		
80 0 8 2		80 0 1 2		80 1 8 2		80 1 2 2		80 2 8 2		80 2 3 2		80 3 8 2		80 3 4 2		80 4 8 2		80 4 5 2		80 5 8 2		80 5 6 2		80 6 8 2		80 6 7 2		80 7 8 2		80 7 0 2		80 8 0 2		80 1 0 2		80 8 1 2		80 2 1 2		80 8 2 2		80 3 2 2		80 8 3 2		80 4 3 2		80 8 4 2		80 5 4 2		80 8 5 2		80 6 5 2		80 8 6 2		80 7 6 2		80 8 7 2		80 0 7 2		
81 0 8 2		81 0 1 2		81 1 8 2		81 1 2 2		81 2 8 2		81 2 3 2		81 3 8 2		81 3 4 2		81 4 8 2		81 4 5 2		81 5 8 2		81 5 6 2		81 6 8 2		81 6 7 2		81 7 8 2		81 7 0 2		81 8 0 2		81 1 0 2		81 8 1 2		81 2 1 2		81 8 2 2		81 3 2 2		81 8 3 2		81 4 3 2		81 8 4 2		81 5 4 2		81 8 5 2		81 6 5 2		81 8 6 2		81 7 6 2		81 8 7 2		81 0 7 2		
82 0 8 2		82 0 1 2		82 1 8 2		82 1 2 2		82 2 8 2		82 2 3 2		82 3 8 2		82 3 4 2		82 4 8 2		82 4 5 2		82 5 8 2		82 5 6 2		82 6 8 2		82 6 7 2		82 7 8 2		82 7 0 2		82 8 0 2		82 1 0 2		82 8 1 2		82 2 1 2		82 8 2 2		82 3 2 2		82 8 3 2		82 4 3 2		82 8 4 2		82 5 4 2		82 8 5 2		82 6 5 2		82 8 6 2		82 7 6 2		82 8 7 2		82 0 7 2		
83 0 8 2		83 0 1 2		83 1 8 2		83 1 2 2		83 2 8 2		83 2 3 2		83 3 8 2		83 3 4 2		83 4 8 2		83 4 5 2		83 5 8 2		83 5 6 2		83 6 8 2		83 6 7 2		83 7 8 2		83 7 0 2		83 8 0 2		83 1 0 2		83 8 1 2		83 2 1 2		83 8 2 2		83 3 2 2		83 8 3 2		83 4 3 2		83 8 4 2		83 5 4 2		83 8 5 2		83 6 5 2		83 8 6 2		83 7 6 2		83 8 7 2		83 0 7 2		
84 0 8 2		84 0 1 2		84 1 8 2		84 1 2 2		84 2 8 2		84 2 3 2		84 3 8 2		84 3 4 2		84 4 8 2		84 4 5 2		84 5 8 2		84 5 6 2		84 6 8 2		84 6 7 2		84 7 8 2		84 7 0 2		84 8 0 2		84 1 0 2		84 8 1 2		84 2 1 2		84 8 2 2		84 3 2 2		84 8 3 2		84 4 3 2		84 8 4 2		84 5 4 2		84 8 5 2		84 6 5 2		84 8 6 2		84 7 6 2		84 8 7 2		84 0 7 2		
85 0 8 2		85 0 1 2		85 1 8 2		85 1 2 2		85 2 8 2		85 2 3 2		85 3 8 2		85 3 4 2		85 4 8 2		85 4 5 2		85 5 8 2		85 5 6 2		85 6 8 2		85 6 7 2		85 7 8 2		85 7 0 2		85 8 0 2		85 1 0 2		85 8 1 2		85 2 1 2		85 8 2 2		85 3 2 2		85 8 3 2		85 4 3 2		85 8 4 2		85 5 4 2		85 8 5 2		85 6 5 2		85 8 6 2		85 7 6 2		85 8 7 2		85 0 7 2		
86 0 8 2		86 0 1 2		86 1 8 2		86 1 2 2		86 2 8 2		86 2 3 2		86 3 8 2		86 3 4 2		86 4 8 2		86 4 5 2		86 5 8 2		86 5 6 2		86 6 8 2		86 6 7 2		86 7 8 2		86 7 0 2		86 8 0 2		86 1 0 2		86 8 1 2		86 2 1 2		86 8 2 2		86 3 2 2		86 8 3 2		86 4 3 2		86 8 4 2		86 5 4 2		86 8 5 2		86 6 5 2		86 8 6 2		86 7 6 2		86 8 7 2		86 0 7 2		
87 0 8 2		87 0 1 2		87 1 8 2		87 1 2 2		87 2 8 2		87 2 3 2		87 3 8 2		87 3 4 2		87 4 8 2		87 4 5 2		87 5 8 2		87 5 6 2		87 6 8 2		87 6 7 2		87 7 8 2		87 7 0 2		87 8 0 2		87 1 0 2		87 8 1 2		87 2 1 2		87 8 2 2		87 3 2 2		87 8 3 2		87 4 3 2		87 8 4 2		87 5 4 2		87 8 5 2		87 6 5 2		87 8 6 2		87 7 6 2		87 8 7 2		87 0 7 2		
88 0 8 2		88 0 1 2		88 1 8 2		88 1 2 2		88 2 8 2		88 2 3 2		88 3 8 2		88 3 4 2		88 4 8 2		88 4 5 2		88 5 8 2		88 5 6 2		88 6 8 2		88 6 7 2		88 7 8 2		88 7 0 2		88 8 0 2		88 1 0 2		88 8 1 2		88 2 1 2		88 8 2 2		88 3 2 2		88 8 3 2		88 4 3 2		88 8 4 2		88 5 4 2		88 8 5 2		88 6 5 2		88 8 6 2		88 7 6 2		88 8 7 2		88 0 7 2		
89 0 8 2		89 0 1 2		89 1 8 2		89 1 2 2		89 2 8 2		89 2 3 2		89 3 8 2		89 3 4 2		89 4 8 2		89 4 5 2		89 5 8 2		89 5 6 2		89 6 8 2		89 6 7 2		89 7 8 2		89 7 0 2		89 8 0 2		89 1 0 2		89 8 1 2		89 2 1 2		89 8 2 2		89 3 2 2		89 8 3 2		89 4 3 2		89 8 4 2		89 5 4 2		89 8 5 2		89 6 5 2		89 8 6 2		89 7 6 2		89 8 7 2		89 0 7 2		
90 0 8 2		90 0 1 2		90 1 8 2		90 1 2 2		90 2 8 2		90 2 3 2		90 3 8 2		90 3 4 2		90 4 8 2		90 4 5 2		90 5 8 2		90 5 6 2		90 6 8 2		90 6 7 2		90 7 8 2		90 7 0 2		90 8 0 2		90 1 0 2		90 8 1 2		90 2 1 2		90 8 2 2		90 3 2 2		90 8 3 2		90 4 3 2		90 8 4 2		90 5 4 2		90 8 5 2		90 6 5 2		90 8 6 2		90 7 6 2		90 8 7 2		90 0 7 2		
91 0 8 2		91 0 1 2		91 1 8 2		91 1 2 2		91 2 8 2		91 2 3 2		91 3 8 2		91 3 4 2		91 4 8 2		91 4 5 2		91 5 8 2		91 5 6 2		91 6 8 2		91 6 7 2		91 7 8 2		91 7 0 2		91 8 0 2		91 1 0 2		91 8 1 2		91 2 1 2		91 8 2 2		91 3 2 2		91 8 3 2		91 4 3 2		91 8 4 2		91 5 4 2		91 8 5 2		91 6 5 2		91 8 6 2		91 7 6 2		91 8 7 2		91 0 7 2		
92 0 8 2		92 0 1 2		92 1 8 2		92 1 2 2		92 2 8 2		92 2 3 2		92 3 8 2		92 3 4 2		92 4 8 2		92 4 5 2		92 5 8 2		92 5 6 2		92 6 8 2		92 6 7 2		92 7 8 2		92 7 0 2		92 8 0 2		92 1 0 2		92 8 1 2		92 2 1 2		92 8 2 2		92 3 2 2		92 8 3 2		92 4 3 2		92 8 4 2		92 5 4 2		92 8 5 2		92 6 5 2		92 8 6 2		92 7 6 2		92 8 7 2		92 0 7 2		
93 0 8 2		93 0 1 2		93 1 8 2		93 1 2 2		93 2 8 2		93 2 3 2		93 3 8 2		93 3 4 2		93 4 8 2		93 4 5 2		93 5 8 2		93 5 6 2		93 6 8 2		93 6 7 2		93 7 8 2		93 7 0 2		93 8 0 2		93 1 0 2		93 8 1 2		93 2 1 2		93 8 2 2		93 3 2 2		93 8 3 2		93 4 3 2		93 8 4 2		93 5 4 2		93 8 5 2		93 6 5 2		93 8 6 2		93 7 6 2		93 8 7 2		93 0 7 2		
94 0 8 2		94 0 1 2		94 1 8 2		94 1 2 2		94 2 8 2		94 2 3 2		94 3 8 2		94 3 4 2		94 4 8 2		94 4 5 2		94 5 8 2		94 5 6 2		94 6 8 2		94 6 7 2		94 7 8 2		94 7 0 2		94 8 0 2		94 1 0 2		94 8 1 2		94 2 1 2		94 8 2 2		94 3 2 2		94 8 3 2		94 4 3 2		94 8 4 2		94 5 4 2		94 8 5 2		94 6 5 2		94 8 6 2		94 7 6 2		94 8 7 2		94 0 7 2		
95 0 8 2		95 0 1 2		95 1 8 2		95 1 2 2		95 2 8 2		95 2 3 2		95 3 8 2		95 3 4 2		95 4 8 2		95 4 5 2		95 5 8 2		95 5 6 2		95 6 8 2		95 6 7 2		95 7 8 2		95 7 0 2		95 8 0 2		95 1 0 2		95 8 1 2		95 2 1 2		95 8 2 2		95 3 2 2		95 8 3 2		95 4 3 2		95 8 4 2		95 5 4 2		95 8 5 2		95 6 5 2		95 8 6 2		95 7 6 2		95 8 7 2		95 0 7 2		
96 0 8 2		96 0 1 2		96 1 8 2		96 1 2 2		96 2 8 2		96 2 3 2		96 3 8 2		96 3 4 2		96 4 8 2		96 4 5 2		96 5 8 2		96 5 6 2		96 6 8 2		96 6 7 2		96 7 8 2		96 7 0 2		96 8 0 2		96 1 0 2		96 8 1 2		96 2 1 2		96 8 2 2		96 3 2 2		96 8 3 2		96 4 3 2		96 8 4 2		96 5 4 2		96 8 5 2		96 6 5 2		96 8 6 2		96 7 6 2		96 8 7 2		96 0 7 2		
97 0 8 2		97 0 1 2		97 1 8 2		97 1 2 2		97 2 8 2		97 2 3 2		97 3 8 2		97 3 4 2		97 4 8 2		97 4 5 2		97 5 8 2		97 5 6 2		97 6 8 2		97 6 7 2		97 7 8 2		97 7 0 2		97 8 0 2		97 1 0 2		97 8 1 2		97 2 1 2		97 8 2 2		97 3 2 2		97 8 3 2		97 4 3 2		97 8 4 2		97 5 4 2		97 8 5 2		97 6 5 2		97 8 6 2		97 7 6 2		97 8 7 2		97 0 7 2		
98 0 8 2		98 0 1 2		98 1 8 2		98 1 2 2		98 2 8 2		98 2 3 2		98 3 8 2		98 3 4 2		98 4 8 2		98 4 5 2		98 5 8 2		98 5 6 2		98 6 8 2		98 6 7 2		98 7 8 2		98 7 0 2		98 8 0 2		98 1 0 2		98 8 1 2		98 2 1 2		98 8 2 2		98 3 2 2		98 8 3 2		98 4 3 2		98 8 4 2		98 5 4 2		98 8 5 2		98 6 5 2		98 8 6 2		98 7 6 2		98 8 7 2		98 0 7 2		
99 0 8 2		99 0 1 2		99 1 8 2		99 1 2 2		99 2 8 2		99 2 3 2		99 3 8 2		99 3 4 2		99 4 8 2		99 4 5 2		99 5 8 2		99 5 6 2		99 6 8 2		99 6 7 2		99 7 8 2		99 7 0 2		99 8 0 2		99 1 0 2		99 8 1 2		99 2 1 2		99 8 2 2		99 3 2 2		99 8 3 2		99 4 3 2		99 8 4 2		99 5 4 2		99 8 5 2		99 6 5 2		99 8 6 2		99 7 6 2		99 8 7 2		99 0 7 2		 ;
param angleM:=
8 0 1 1.414214		8 0 2 1.0		8 0 3 1.0		8 0 4 1.0		8 0 5 1.0		8 0 6 1.0		8 0 7 1.414214		
1 0 8 1.082392		1 0 2 1.0		
8 1 0 1.414214		8 1 2 1.414214		8 1 3 1.0		8 1 4 1.0		8 1 5 1.0		8 1 6 1.0		8 1 7 1.0		
2 1 8 1.082392		2 1 3 1.0		
8 2 0 1.0		8 2 1 1.414214		8 2 3 1.414214		8 2 4 1.0		8 2 5 1.0		8 2 6 1.0		8 2 7 1.0		
3 2 8 1.082392		3 2 4 1.0		
8 3 0 1.0		8 3 1 1.0		8 3 2 1.414214		8 3 4 1.414214		8 3 5 1.0		8 3 6 1.0		8 3 7 1.0		
4 3 8 1.082392		4 3 5 1.0		
8 4 0 1.0		8 4 1 1.0		8 4 2 1.0		8 4 3 1.414214		8 4 5 1.414214		8 4 6 1.0		8 4 7 1.0		
5 4 8 1.082392		5 4 6 1.0		
8 5 0 1.0		8 5 1 1.0		8 5 2 1.0		8 5 3 1.0		8 5 4 1.414214		8 5 6 1.414214		8 5 7 1.0		
6 5 8 1.082392		6 5 7 1.0		
8 6 0 1.0		8 6 1 1.0		8 6 2 1.0		8 6 3 1.0		8 6 4 1.0		8 6 5 1.414214		8 6 7 1.414214		
7 6 8 1.082392		7 6 0 1.0		
8 7 0 1.414214		8 7 1 1.0		8 7 2 1.0		8 7 3 1.0		8 7 4 1.0		8 7 5 1.0		8 7 6 1.414214		
0 7 8 1.082392		0 7 1 1.0		
0 8 7 1.082392		0 8 1 1.082392		
0 1 7 1.0		0 1 8 1.082392		
1 8 0 1.082392		1 8 2 1.082392		
1 2 0 1.0		1 2 8 1.082392		
2 8 1 1.082392		2 8 3 1.082392		
2 3 1 1.0		2 3 8 1.082392		
3 8 2 1.082392		3 8 4 1.082392		
3 4 2 1.0		3 4 8 1.082392		
4 8 3 1.082392		4 8 5 1.082392		
4 5 3 1.0		4 5 8 1.082392		
5 8 4 1.082392		5 8 6 1.082392		
5 6 4 1.0		5 6 8 1.082392		
6 8 5 1.082392		6 8 7 1.082392		
6 7 5 1.0		6 7 8 1.082392		
7 8 6 1.082392		7 8 0 1.082392		
7 0 6 1.0		7 0 8 1.082392		;
param angleP:=
0 8 1 1.082392		0 8 7 1.082392		
0 1 8 1.082392		0 1 7 1.0		
1 8 2 1.082392		1 8 0 1.082392		
1 2 8 1.082392		1 2 0 1.0		
2 8 3 1.082392		2 8 1 1.082392		
2 3 8 1.082392		2 3 1 1.0		
3 8 4 1.082392		3 8 2 1.082392		
3 4 8 1.082392		3 4 2 1.0		
4 8 5 1.082392		4 8 3 1.082392		
4 5 8 1.082392		4 5 3 1.0		
5 8 6 1.082392		5 8 4 1.082392		
5 6 8 1.082392		5 6 4 1.0		
6 8 7 1.082392		6 8 5 1.082392		
6 7 8 1.082392		6 7 5 1.0		
7 8 0 1.082392		7 8 6 1.082392		
7 0 8 1.082392		7 0 6 1.0		
8 0 1 1.414214		8 0 2 1.0		8 0 3 1.0		8 0 4 1.0		8 0 5 1.0		8 0 6 1.0		8 0 7 1.414214		
1 0 8 1.082392		1 0 2 1.0		
8 1 0 1.414214		8 1 2 1.414214		8 1 3 1.0		8 1 4 1.0		8 1 5 1.0		8 1 6 1.0		8 1 7 1.0		
2 1 8 1.082392		2 1 3 1.0		
8 2 0 1.0		8 2 1 1.414214		8 2 3 1.414214		8 2 4 1.0		8 2 5 1.0		8 2 6 1.0		8 2 7 1.0		
3 2 8 1.082392		3 2 4 1.0		
8 3 0 1.0		8 3 1 1.0		8 3 2 1.414214		8 3 4 1.414214		8 3 5 1.0		8 3 6 1.0		8 3 7 1.0		
4 3 8 1.082392		4 3 5 1.0		
8 4 0 1.0		8 4 1 1.0		8 4 2 1.0		8 4 3 1.414214		8 4 5 1.414214		8 4 6 1.0		8 4 7 1.0		
5 4 8 1.082392		5 4 6 1.0		
8 5 0 1.0		8 5 1 1.0		8 5 2 1.0		8 5 3 1.0		8 5 4 1.414214		8 5 6 1.414214		8 5 7 1.0		
6 5 8 1.082392		6 5 7 1.0		
8 6 0 1.0		8 6 1 1.0		8 6 2 1.0		8 6 3 1.0		8 6 4 1.0		8 6 5 1.414214		8 6 7 1.414214		
7 6 8 1.082392		7 6 0 1.0		
8 7 0 1.414214		8 7 1 1.0		8 7 2 1.0		8 7 3 1.0		8 7 4 1.0		8 7 5 1.0		8 7 6 1.414214		
0 7 8 1.082392		0 7 1 1.0		;
param anglePM:=
0 8 7 1.082392		0 8 1 1.082392		
0 1 7 1.0		0 1 8 1.082392		
1 8 0 1.082392		1 8 2 1.082392		
1 2 0 1.0		1 2 8 1.082392		
2 8 1 1.082392		2 8 3 1.082392		
2 3 1 1.0		2 3 8 1.082392		
3 8 2 1.082392		3 8 4 1.082392		
3 4 2 1.0		3 4 8 1.082392		
4 8 3 1.082392		4 8 5 1.082392		
4 5 3 1.0		4 5 8 1.082392		
5 8 4 1.082392		5 8 6 1.082392		
5 6 4 1.0		5 6 8 1.082392		
6 8 5 1.082392		6 8 7 1.082392		
6 7 5 1.0		6 7 8 1.082392		
7 8 6 1.082392		7 8 0 1.082392		
7 0 6 1.0		7 0 8 1.082392		
8 0 1 1.414214		8 0 2 1.0		8 0 3 1.0		8 0 4 1.0		8 0 5 1.0		8 0 6 1.0		8 0 7 1.414214		
1 0 8 1.082392		1 0 2 1.0		
8 1 0 1.414214		8 1 2 1.414214		8 1 3 1.0		8 1 4 1.0		8 1 5 1.0		8 1 6 1.0		8 1 7 1.0		
2 1 8 1.082392		2 1 3 1.0		
8 2 0 1.0		8 2 1 1.414214		8 2 3 1.414214		8 2 4 1.0		8 2 5 1.0		8 2 6 1.0		8 2 7 1.0		
3 2 8 1.082392		3 2 4 1.0		
8 3 0 1.0		8 3 1 1.0		8 3 2 1.414214		8 3 4 1.414214		8 3 5 1.0		8 3 6 1.0		8 3 7 1.0		
4 3 8 1.082392		4 3 5 1.0		
8 4 0 1.0		8 4 1 1.0		8 4 2 1.0		8 4 3 1.414214		8 4 5 1.414214		8 4 6 1.0		8 4 7 1.0		
5 4 8 1.082392		5 4 6 1.0		
8 5 0 1.0		8 5 1 1.0		8 5 2 1.0		8 5 3 1.0		8 5 4 1.414214		8 5 6 1.414214		8 5 7 1.0		
6 5 8 1.082392		6 5 7 1.0		
8 6 0 1.0		8 6 1 1.0		8 6 2 1.0		8 6 3 1.0		8 6 4 1.0		8 6 5 1.414214		8 6 7 1.414214		
7 6 8 1.082392		7 6 0 1.0		
8 7 0 1.414214		8 7 1 1.0		8 7 2 1.0		8 7 3 1.0		8 7 4 1.0		8 7 5 1.0		8 7 6 1.414214		
0 7 8 1.082392		0 7 1 1.0		;
param D:=2 ;
param t_hat_ear: 0 1 2 3 4 5 6 7 8 :=
0 0 0 0 0 0 0 0 0 0
1 0 0 0 0 0 0 0 0 0
2 0 0 0 0 0 0 0 0 0
3 0 0 0 0 0 0 0 0 0
4 0 0 0 0 0 0 0 0 0
5 0 0 0 0 0 0 0 0 0
6 0 0 0 0 0 0 0 0 0
7 0 0 0 0 0 0 0 0 0
8 0 0 0 0 0 0 0 0 0
9 0 0 0 0 0 0 0 0 0
10 0 0 0 0 0 0 0 0 0
11 0 0 0 0 0 0 0 0 0
12 0 0 0 0 0 0 0 0 0
13 0 0 0 0 0 0 0 0 0
14 0 0 0 0 0 0 0 0 0
15 0 0 0 0 0 0 0 0 0
16 0 0 0 0 0 0 0 0 0
17 0 0 0 0 0 0 0 0 0
18 0 0 0 0 0 0 0 0 0
19 0 0 0 0 0 0 0 0 0
20 10 10 10 10 10 10 10 10 10
21 10 10 10 10 10 10 10 10 10
22 10 10 10 10 10 10 10 10 10
23 10 10 10 10 10 10 10 10 10
24 10 10 10 10 10 10 10 10 10
25 10 10 10 10 10 10 10 10 10
26 10 10 10 10 10 10 10 10 10
27 10 10 10 10 10 10 10 10 10
28 10 10 10 10 10 10 10 10 10
29 10 10 10 10 10 10 10 10 10
30 10 10 10 10 10 10 10 10 10
31 10 10 10 10 10 10 10 10 10
32 10 10 10 10 10 10 10 10 10
33 10 10 10 10 10 10 10 10 10
34 10 10 10 10 10 10 10 10 10
35 10 10 10 10 10 10 10 10 10
36 10 10 10 10 10 10 10 10 10
37 10 10 10 10 10 10 10 10 10
38 10 10 10 10 10 10 10 10 10
39 10 10 10 10 10 10 10 10 10
40 20 20 20 20 20 20 20 20 20
41 20 20 20 20 20 20 20 20 20
42 20 20 20 20 20 20 20 20 20
43 20 20 20 20 20 20 20 20 20
44 20 20 20 20 20 20 20 20 20
45 20 20 20 20 20 20 20 20 20
46 20 20 20 20 20 20 20 20 20
47 20 20 20 20 20 20 20 20 20
48 20 20 20 20 20 20 20 20 20
49 20 20 20 20 20 20 20 20 20
50 20 20 20 20 20 20 20 20 20
51 20 20 20 20 20 20 20 20 20
52 20 20 20 20 20 20 20 20 20
53 20 20 20 20 20 20 20 20 20
54 20 20 20 20 20 20 20 20 20
55 20 20 20 20 20 20 20 20 20
56 20 20 20 20 20 20 20 20 20
57 20 20 20 20 20 20 20 20 20
58 20 20 20 20 20 20 20 20 20
59 20 20 20 20 20 20 20 20 20
60 30 30 30 30 30 30 30 30 30
61 30 30 30 30 30 30 30 30 30
62 30 30 30 30 30 30 30 30 30
63 30 30 30 30 30 30 30 30 30
64 30 30 30 30 30 30 30 30 30
65 30 30 30 30 30 30 30 30 30
66 30 30 30 30 30 30 30 30 30
67 30 30 30 30 30 30 30 30 30
68 30 30 30 30 30 30 30 30 30
69 30 30 30 30 30 30 30 30 30
70 30 30 30 30 30 30 30 30 30
71 30 30 30 30 30 30 30 30 30
72 30 30 30 30 30 30 30 30 30
73 30 30 30 30 30 30 30 30 30
74 30 30 30 30 30 30 30 30 30
75 30 30 30 30 30 30 30 30 30
76 30 30 30 30 30 30 30 30 30
77 30 30 30 30 30 30 30 30 30
78 30 30 30 30 30 30 30 30 30
79 30 30 30 30 30 30 30 30 30
80 40 40 40 40 40 40 40 40 40
81 40 40 40 40 40 40 40 40 40
82 40 40 40 40 40 40 40 40 40
83 40 40 40 40 40 40 40 40 40
84 40 40 40 40 40 40 40 40 40
85 40 40 40 40 40 40 40 40 40
86 40 40 40 40 40 40 40 40 40
87 40 40 40 40 40 40 40 40 40
88 40 40 40 40 40 40 40 40 40
89 40 40 40 40 40 40 40 40 40
90 40 40 40 40 40 40 40 40 40
91 40 40 40 40 40 40 40 40 40
92 40 40 40 40 40 40 40 40 40
93 40 40 40 40 40 40 40 40 40
94 40 40 40 40 40 40 40 40 40
95 40 40 40 40 40 40 40 40 40
96 40 40 40 40 40 40 40 40 40
97 40 40 40 40 40 40 40 40 40
98 40 40 40 40 40 40 40 40 40
99 40 40 40 40 40 40 40 40 40;
param t_hat_lat: 0 1 2 3 4 5 6 7 8 :=
0 2 2 2 2 2 2 2 2 2
1 2 2 2 2 2 2 2 2 2
2 2 2 2 2 2 2 2 2 2
3 2 2 2 2 2 2 2 2 2
4 2 2 2 2 2 2 2 2 2
5 2 2 2 2 2 2 2 2 2
6 2 2 2 2 2 2 2 2 2
7 2 2 2 2 2 2 2 2 2
8 2 2 2 2 2 2 2 2 2
9 2 2 2 2 2 2 2 2 2
10 2 2 2 2 2 2 2 2 2
11 2 2 2 2 2 2 2 2 2
12 2 2 2 2 2 2 2 2 2
13 2 2 2 2 2 2 2 2 2
14 2 2 2 2 2 2 2 2 2
15 2 2 2 2 2 2 2 2 2
16 2 2 2 2 2 2 2 2 2
17 2 2 2 2 2 2 2 2 2
18 2 2 2 2 2 2 2 2 2
19 2 2 2 2 2 2 2 2 2
20 12 12 12 12 12 12 12 12 12
21 12 12 12 12 12 12 12 12 12
22 12 12 12 12 12 12 12 12 12
23 12 12 12 12 12 12 12 12 12
24 12 12 12 12 12 12 12 12 12
25 12 12 12 12 12 12 12 12 12
26 12 12 12 12 12 12 12 12 12
27 12 12 12 12 12 12 12 12 12
28 12 12 12 12 12 12 12 12 12
29 12 12 12 12 12 12 12 12 12
30 12 12 12 12 12 12 12 12 12
31 12 12 12 12 12 12 12 12 12
32 12 12 12 12 12 12 12 12 12
33 12 12 12 12 12 12 12 12 12
34 12 12 12 12 12 12 12 12 12
35 12 12 12 12 12 12 12 12 12
36 12 12 12 12 12 12 12 12 12
37 12 12 12 12 12 12 12 12 12
38 12 12 12 12 12 12 12 12 12
39 12 12 12 12 12 12 12 12 12
40 22 22 22 22 22 22 22 22 22
41 22 22 22 22 22 22 22 22 22
42 22 22 22 22 22 22 22 22 22
43 22 22 22 22 22 22 22 22 22
44 22 22 22 22 22 22 22 22 22
45 22 22 22 22 22 22 22 22 22
46 22 22 22 22 22 22 22 22 22
47 22 22 22 22 22 22 22 22 22
48 22 22 22 22 22 22 22 22 22
49 22 22 22 22 22 22 22 22 22
50 22 22 22 22 22 22 22 22 22
51 22 22 22 22 22 22 22 22 22
52 22 22 22 22 22 22 22 22 22
53 22 22 22 22 22 22 22 22 22
54 22 22 22 22 22 22 22 22 22
55 22 22 22 22 22 22 22 22 22
56 22 22 22 22 22 22 22 22 22
57 22 22 22 22 22 22 22 22 22
58 22 22 22 22 22 22 22 22 22
59 22 22 22 22 22 22 22 22 22
60 32 32 32 32 32 32 32 32 32
61 32 32 32 32 32 32 32 32 32
62 32 32 32 32 32 32 32 32 32
63 32 32 32 32 32 32 32 32 32
64 32 32 32 32 32 32 32 32 32
65 32 32 32 32 32 32 32 32 32
66 32 32 32 32 32 32 32 32 32
67 32 32 32 32 32 32 32 32 32
68 32 32 32 32 32 32 32 32 32
69 32 32 32 32 32 32 32 32 32
70 32 32 32 32 32 32 32 32 32
71 32 32 32 32 32 32 32 32 32
72 32 32 32 32 32 32 32 32 32
73 32 32 32 32 32 32 32 32 32
74 32 32 32 32 32 32 32 32 32
75 32 32 32 32 32 32 32 32 32
76 32 32 32 32 32 32 32 32 32
77 32 32 32 32 32 32 32 32 32
78 32 32 32 32 32 32 32 32 32
79 32 32 32 32 32 32 32 32 32
80 42 42 42 42 42 42 42 42 42
81 42 42 42 42 42 42 42 42 42
82 42 42 42 42 42 42 42 42 42
83 42 42 42 42 42 42 42 42 42
84 42 42 42 42 42 42 42 42 42
85 42 42 42 42 42 42 42 42 42
86 42 42 42 42 42 42 42 42 42
87 42 42 42 42 42 42 42 42 42
88 42 42 42 42 42 42 42 42 42
89 42 42 42 42 42 42 42 42 42
90 42 42 42 42 42 42 42 42 42
91 42 42 42 42 42 42 42 42 42
92 42 42 42 42 42 42 42 42 42
93 42 42 42 42 42 42 42 42 42
94 42 42 42 42 42 42 42 42 42
95 42 42 42 42 42 42 42 42 42
96 42 42 42 42 42 42 42 42 42
97 42 42 42 42 42 42 42 42 42
98 42 42 42 42 42 42 42 42 42
99 42 42 42 42 42 42 42 42 42 ;
