param nn:= 155;
set F:=
0
1
2
3
4
5
6
7
8
9
10
11
12
13
14
15
16
17
18
19
20
21
22
23
24
25
26
27
28
29
30
31
32
33
34
35
36
37
38
39
40
41
42
43
44
45
46
47
48
49
50
51
52
53
54
55
56
57
58
59
60
61
62
63
64
65
66
67
68
70
71
72
73
74
75
76
77
78
79
80
83
84
85
86
87
88
90
91
92
94
95
98
99
;
set AP:=
99
;
param: E: d:=
2 3 2.500000
3 4 2.500000
4 5 2.500000
5 6 2.500000
6 7 2.500000
7 0 2.500000
0 8 2.500000
9 10 2.500000
8 9 2.500000
12 11 2.500000
13 12 2.500000
14 13 2.500000
15 14 2.500000
16 15 2.500000
17 16 2.500000
18 17 2.500000
19 18 2.500000
20 19 2.500000
10 21 2.500000
21 22 2.500000
22 23 2.500000
23 24 2.500000
24 25 2.500000
26 20 2.500000
27 26 2.500000
28 27 2.500000
29 28 2.500000
30 29 2.500000
34 35 2.500000
36 31 2.500000
37 36 2.500000
41 40 2.500000
35 41 2.500000
41 42 2.500000
32 38 2.500000
38 43 2.500000
43 44 2.500000
45 37 2.500000
31 32 2.500000
45 44 2.500000
44 46 2.500000
46 47 2.500000
47 48 2.500000
42 48 2.500000
49 50 2.500000
51 52 2.500000
52 45 2.500000
44 51 2.500000
48 49 2.500000
50 47 2.500000
47 53 2.500000
53 40 2.500000
40 34 2.500000
54 143 1.500000
57 55 2.500000
56 58 2.500000
59 57 2.500000
58 60 2.500000
60 141 1.500000
142 59 1.500000
48 61 2.500000
61 62 2.500000
62 63 2.500000
66 65 2.500000
67 66 2.500000
68 67 2.500000
144 68 1.500000
2 1 2.500000
64 51 2.500000
63 54 2.500000
65 49 2.500000
50 64 2.500000
25 33 2.500000
33 69 2.500000
69 71 2.500000
71 73 2.500000
73 75 2.500000
75 77 2.500000
77 31 2.500000
40 80 2.500000
80 38 2.500000
38 36 2.500000
36 78 2.500000
78 76 2.500000
76 74 2.500000
74 72 2.500000
72 70 2.500000
70 39 2.500000
39 30 2.500000
32 79 2.500000
79 34 2.500000
148 95 1.500000
94 147 1.500000
152 100 1.500000
101 151 1.500000
154 98 1.500000
99 153 1.500000
96 149 1.500000
150 97 1.500000
97 35 2.500000
95 32 2.500000
31 94 2.500000
34 96 2.500000
51 101 2.500000
100 52 2.500000
98 50 2.500000
49 99 2.500000
35 81 2.500000
81 82 2.500000
82 83 2.500000
83 84 2.500000
84 85 2.500000
85 86 2.500000
93 92 2.500000
92 91 2.500000
91 90 2.500000
90 89 2.500000
89 88 2.500000
88 87 2.500000
87 41 2.500000
86 139 1.500000
140 93 1.500000
108 145 1.500000
146 107 1.500000
11 56 2.500000
2 11 2.500000
107 18 2.500000
18 8 2.500000
9 19 2.500000
19 108 2.500000
55 106 2.500000
106 1 2.500000
1 121 2.500000
121 122 2.500000
109 2 2.500000
110 109 2.500000
104 102 2.500000
102 114 2.500000
115 102 2.500000
102 103 2.500000
105 104 2.500000
104 134 2.500000
134 133 2.500000
103 105 2.500000
116 115 2.500000
8 117 2.500000
117 118 2.500000
118 119 2.500000
119 120 2.500000
120 116 2.500000
133 132 2.500000
132 131 2.500000
131 130 2.500000
130 129 2.500000
129 128 2.500000
128 9 2.500000
122 123 2.500000
123 124 2.500000
124 125 2.500000
125 126 2.500000
126 127 2.500000
127 103 2.500000
114 113 2.500000
113 112 2.500000
112 111 2.500000
111 110 2.500000
103 135 2.500000
135 137 1.500000
138 136 1.500000
136 105 2.500000
;
param s:=
0 144
1 146
2 138
3 150
4 140
5 144
6 146
7 140
8 154
9 152
10 142
11 154
12 146
13 138
14 142
15 138
16 154
17 154
18 152
19 152
20 148
21 138
22 146
23 148
24 144
25 148
26 140
27 146
28 144
29 148
30 144
31 152
32 140
33 154
34 154
35 150
36 152
37 154
38 148
39 152
40 138
41 138
42 142
43 148
44 154
45 150
46 142
47 152
48 142
49 154
50 150
51 140
52 140
53 150
54 154
55 150
56 138
57 138
58 142
59 138
60 152
61 150
62 154
63 138
64 154
65 144
66 144
67 144
68 146
70 142
71 142
72 150
73 140
74 152
75 140
76 142
77 144
78 140
79 144
80 146
83 138
84 142
85 142
86 146
87 154
88 142
90 138
91 140
92 142
94 152
95 148
98 146
99 144
;
param e:=
0 149
1 147
2 145
3 151
4 151
5 149
6 149
7 153
8 143
9 147
10 137
11 139
12 137
13 141
14 137
15 141
16 145
17 145
18 143
19 145
20 145
21 141
22 151
23 143
24 153
25 139
26 147
27 147
28 151
29 151
30 139
31 139
32 147
33 145
34 143
35 145
36 139
37 147
38 139
39 139
40 141
41 145
42 137
43 145
44 147
45 145
46 137
47 139
48 137
49 149
50 145
51 153
52 153
53 153
54 139
55 151
56 145
57 145
58 137
59 141
60 139
61 139
62 145
63 145
64 147
65 139
66 149
67 153
68 147
70 137
71 137
72 139
73 153
74 153
75 153
76 137
77 149
78 151
79 151
80 147
83 141
84 137
85 137
86 147
87 143
88 137
90 141
91 153
92 137
94 147
95 139
98 137
99 149
;
param v_min:=2.375
;
param v_max:=2.625 
;
param :conflictsNodes: angle:=
0 7 8 1.000000
0 8 7 1.000000
1 2 121 1.154701
1 121 2 1.154701
1 2 106 1.000000
1 106 2 1.000000
1 106 121 1.000000
1 121 106 1.000000
2 3 11 1.000000
2 11 3 1.000000
2 3 109 1.154701
2 109 3 1.154701
2 1 3 1.000000
2 3 1 1.000000
2 1 11 1.000000
2 11 1 1.000000
2 1 109 1.000000
2 109 1 1.000000
2 11 109 1.000000
2 109 11 1.000000
3 2 4 1.000000
3 4 2 1.000000
4 3 5 1.000000
4 5 3 1.000000
5 4 6 1.000000
5 6 4 1.000000
6 5 7 1.000000
6 7 5 1.000000
7 0 6 1.000000
7 6 0 1.000000
8 0 9 1.000000
8 9 0 1.000000
8 0 117 1.154701
8 117 0 1.154701
8 0 18 1.000000
8 18 0 1.000000
8 9 117 1.000000
8 117 9 1.000000
8 9 18 1.000000
8 18 9 1.000000
8 18 117 1.000000
8 117 18 1.000000
9 8 10 1.000000
9 10 8 1.000000
9 8 19 1.000000
9 19 8 1.000000
9 8 128 1.154701
9 128 8 1.154701
9 10 19 1.000000
9 19 10 1.000000
9 10 128 1.000000
9 128 10 1.000000
9 19 128 1.000000
9 128 19 1.000000
10 9 21 1.000000
10 21 9 1.000000
11 2 12 1.000000
11 12 2 1.000000
11 2 56 1.000000
11 56 2 1.000000
11 12 56 1.000000
11 56 12 1.000000
12 11 13 1.000000
12 13 11 1.000000
13 12 14 1.000000
13 14 12 1.000000
14 13 15 1.000000
14 15 13 1.000000
15 14 16 1.000000
15 16 14 1.000000
16 15 17 1.000000
16 17 15 1.000000
17 16 18 1.000000
17 18 16 1.000000
18 17 19 1.000000
18 19 17 1.000000
18 17 107 1.000000
18 107 17 1.000000
18 8 17 1.000000
18 17 8 1.000000
18 8 19 1.000000
18 19 8 1.000000
18 8 107 1.000000
18 107 8 1.000000
18 19 107 1.000000
18 107 19 1.000000
19 9 18 1.000000
19 18 9 1.000000
19 9 108 1.000000
19 108 9 1.000000
19 9 20 1.000000
19 20 9 1.000000
19 18 108 1.000000
19 108 18 1.000000
19 18 20 1.000000
19 20 18 1.000000
19 20 108 1.000000
19 108 20 1.000000
20 19 26 1.000000
20 26 19 1.000000
21 10 22 1.000000
21 22 10 1.000000
22 21 23 1.000000
22 23 21 1.000000
23 22 24 1.000000
23 24 22 1.000000
24 23 25 1.000000
24 25 23 1.000000
25 24 33 1.000000
25 33 24 1.000000
26 20 27 1.000000
26 27 20 1.000000
27 26 28 1.000000
27 28 26 1.000000
28 27 29 1.000000
28 29 27 1.000000
29 28 30 1.000000
29 30 28 1.000000
30 29 39 1.000000
30 39 29 1.000000
31 36 94 1.000000
31 94 36 1.000000
31 36 77 1.000000
31 77 36 1.000000
31 32 36 1.000000
31 36 32 1.000000
31 32 94 1.000000
31 94 32 1.000000
31 32 77 1.000000
31 77 32 1.000000
31 77 94 1.000000
31 94 77 1.000000
32 31 38 1.000000
32 38 31 1.000000
32 31 79 1.000000
32 79 31 1.000000
32 31 95 1.000000
32 95 31 1.000000
32 38 79 1.000000
32 79 38 1.000000
32 38 95 1.000000
32 95 38 1.000000
32 79 95 1.000000
32 95 79 1.000000
33 25 69 1.000000
33 69 25 1.000000
34 35 96 1.000000
34 96 35 1.000000
34 35 40 1.000000
34 40 35 1.000000
34 35 79 1.000000
34 79 35 1.000000
34 40 96 1.000000
34 96 40 1.000000
34 40 79 1.000000
34 79 40 1.000000
34 79 96 1.000000
34 96 79 1.000000
35 34 41 1.000000
35 41 34 1.000000
35 34 81 1.000000
35 81 34 1.000000
35 34 97 1.000000
35 97 34 1.000000
35 41 81 1.000000
35 81 41 1.000000
35 41 97 1.000000
35 97 41 1.000000
35 81 97 1.189773
35 97 81 1.189773
36 31 78 1.000000
36 78 31 1.000000
36 31 37 1.000000
36 37 31 1.000000
36 31 38 1.000000
36 38 31 1.000000
36 37 78 1.000000
36 78 37 1.000000
36 37 38 1.000000
36 38 37 1.000000
36 38 78 1.000000
36 78 38 1.000000
37 36 45 1.000000
37 45 36 1.000000
38 32 43 1.000000
38 43 32 1.000000
38 32 36 1.000000
38 36 32 1.000000
38 32 80 1.000000
38 80 32 1.000000
38 43 80 1.000000
38 80 43 1.000000
38 36 43 1.000000
38 43 36 1.000000
38 36 80 1.000000
38 80 36 1.000000
39 30 70 1.000000
39 70 30 1.000000
40 41 80 1.000000
40 80 41 1.000000
40 41 53 1.000000
40 53 41 1.000000
40 34 41 1.000000
40 41 34 1.000000
40 34 80 1.000000
40 80 34 1.000000
40 34 53 1.000000
40 53 34 1.000000
40 53 80 1.000000
40 80 53 1.000000
41 35 40 1.000000
41 40 35 1.000000
41 35 42 1.000000
41 42 35 1.000000
41 35 87 1.189773
41 87 35 1.189773
41 40 42 1.000000
41 42 40 1.000000
41 40 87 1.000000
41 87 40 1.000000
41 42 87 1.000000
41 87 42 1.000000
42 41 48 1.000000
42 48 41 1.000000
43 38 44 1.000000
43 44 38 1.000000
44 43 46 1.000000
44 46 43 1.000000
44 43 51 1.000000
44 51 43 1.000000
44 43 45 1.000000
44 45 43 1.000000
44 46 51 1.000000
44 51 46 1.000000
44 45 46 1.000000
44 46 45 1.000000
44 45 51 1.000000
44 51 45 1.000000
45 37 44 1.000000
45 44 37 1.000000
45 37 52 1.000000
45 52 37 1.000000
45 44 52 1.000000
45 52 44 1.000000
46 44 47 1.000000
46 47 44 1.000000
47 46 48 1.000000
47 48 46 1.000000
47 46 53 1.000000
47 53 46 1.000000
47 46 50 1.000000
47 50 46 1.000000
47 48 53 1.000000
47 53 48 1.000000
47 48 50 1.000000
47 50 48 1.000000
47 50 53 1.000000
47 53 50 1.000000
48 42 47 1.000000
48 47 42 1.000000
48 42 49 1.000000
48 49 42 1.000000
48 42 61 1.000000
48 61 42 1.000000
48 47 49 1.000000
48 49 47 1.000000
48 47 61 1.000000
48 61 47 1.000000
48 49 61 1.000000
48 61 49 1.000000
49 48 50 1.000000
49 50 48 1.000000
49 48 99 1.000000
49 99 48 1.000000
49 48 65 1.000000
49 65 48 1.000000
49 50 99 1.000000
49 99 50 1.000000
49 50 65 1.000000
49 65 50 1.000000
49 65 99 1.000000
49 99 65 1.000000
50 49 64 1.000000
50 64 49 1.000000
50 49 98 1.000000
50 98 49 1.000000
50 47 49 1.000000
50 49 47 1.000000
50 47 64 1.000000
50 64 47 1.000000
50 47 98 1.000000
50 98 47 1.000000
50 64 98 1.000000
50 98 64 1.000000
51 44 52 1.000000
51 52 44 1.000000
51 44 101 1.000000
51 101 44 1.000000
51 44 64 1.000000
51 64 44 1.000000
51 52 101 1.000000
51 101 52 1.000000
51 52 64 1.000000
51 64 52 1.000000
51 64 101 1.000000
51 101 64 1.000000
52 51 100 1.000000
52 100 51 1.000000
52 45 51 1.000000
52 51 45 1.000000
52 45 100 1.000000
52 100 45 1.000000
53 40 47 1.000000
53 47 40 1.000000
55 57 106 1.000000
55 106 57 1.000000
56 11 58 1.000000
56 58 11 1.000000
57 55 59 1.000000
57 59 55 1.000000
58 56 60 1.000000
58 60 56 1.000000
61 48 62 1.000000
61 62 48 1.000000
62 61 63 1.000000
62 63 61 1.000000
63 54 62 1.000000
63 62 54 1.000000
64 50 51 1.000000
64 51 50 1.000000
65 49 66 1.000000
65 66 49 1.000000
66 65 67 1.000000
66 67 65 1.000000
67 66 68 1.000000
67 68 66 1.000000
69 33 71 1.000000
69 71 33 1.000000
70 39 72 1.000000
70 72 39 1.000000
71 69 73 1.000000
71 73 69 1.000000
72 70 74 1.000000
72 74 70 1.000000
73 71 75 1.000000
73 75 71 1.000000
74 72 76 1.000000
74 76 72 1.000000
75 73 77 1.000000
75 77 73 1.000000
76 74 78 1.000000
76 78 74 1.000000
77 31 75 1.000000
77 75 31 1.000000
78 36 76 1.000000
78 76 36 1.000000
79 32 34 1.000000
79 34 32 1.000000
80 38 40 1.000000
80 40 38 1.000000
81 35 82 1.000000
81 82 35 1.000000
82 81 83 1.000000
82 83 81 1.000000
83 82 84 1.000000
83 84 82 1.000000
84 83 85 1.000000
84 85 83 1.000000
85 84 86 1.000000
85 86 84 1.000000
87 41 88 1.000000
87 88 41 1.000000
88 87 89 1.000000
88 89 87 1.000000
89 88 90 1.000000
89 90 88 1.000000
90 89 91 1.000000
90 91 89 1.000000
91 90 92 1.000000
91 92 90 1.000000
92 91 93 1.000000
92 93 91 1.000000
102 104 114 1.000000
102 114 104 1.000000
102 104 115 1.000000
102 115 104 1.000000
102 114 115 1.154701
102 115 114 1.154701
102 103 104 1.154701
102 104 103 1.154701
102 103 114 1.000000
102 114 103 1.000000
102 103 115 1.000000
102 115 103 1.000000
103 102 105 1.000000
103 105 102 1.000000
103 102 135 1.000000
103 135 102 1.000000
103 102 127 1.154701
103 127 102 1.154701
103 105 135 1.154701
103 135 105 1.154701
103 105 127 1.000000
103 127 105 1.000000
103 127 135 1.000000
103 135 127 1.000000
104 102 134 1.154701
104 134 102 1.154701
104 102 105 1.000000
104 105 102 1.000000
104 105 134 1.000000
104 134 105 1.000000
105 103 104 1.154701
105 104 103 1.154701
105 103 136 1.000000
105 136 103 1.000000
105 104 136 1.000000
105 136 104 1.000000
106 1 55 1.000000
106 55 1 1.000000
109 2 110 1.000000
109 110 2 1.000000
110 109 111 1.000000
110 111 109 1.000000
111 110 112 1.000000
111 112 110 1.000000
112 111 113 1.000000
112 113 111 1.000000
113 112 114 1.000000
113 114 112 1.000000
114 102 113 1.000000
114 113 102 1.000000
115 102 116 1.000000
115 116 102 1.000000
116 115 120 1.000000
116 120 115 1.000000
117 8 118 1.000000
117 118 8 1.000000
118 117 119 1.000000
118 119 117 1.000000
119 118 120 1.000000
119 120 118 1.000000
120 116 119 1.000000
120 119 116 1.000000
121 1 122 1.000000
121 122 1 1.000000
122 121 123 1.000000
122 123 121 1.000000
123 122 124 1.000000
123 124 122 1.000000
124 123 125 1.000000
124 125 123 1.000000
125 124 126 1.000000
125 126 124 1.000000
126 125 127 1.000000
126 127 125 1.000000
127 103 126 1.000000
127 126 103 1.000000
128 9 129 1.000000
128 129 9 1.000000
129 128 130 1.000000
129 130 128 1.000000
130 129 131 1.000000
130 131 129 1.000000
131 130 132 1.000000
131 132 130 1.000000
132 131 133 1.000000
132 133 131 1.000000
133 132 134 1.000000
133 134 132 1.000000
134 104 133 1.000000
134 133 104 1.000000
;
param D:=0.5;
param t_hat_ear:=
0 144 0.0
0 68 1.0
0 67 2.0
0 66 3.0
0 65 4.0
0 49 5.0
0 50 6.0
0 47 7.0
0 53 8.0
0 40 9.0
0 34 10.0
0 96 11.0
0 149 12.0
1 146 0.0
1 107 1.0
1 18 2.0
1 8 3.0
1 9 4.0
1 10 5.0
1 21 6.0
1 22 7.0
1 23 8.0
1 24 9.0
1 25 10.0
1 33 11.0
1 69 12.0
1 71 13.0
1 73 14.0
1 75 15.0
1 77 16.0
1 31 17.0
1 94 18.0
1 147 19.0
2 138 8.0
2 136 9.0
2 105 10.0
2 104 11.0
2 134 12.0
2 133 13.0
2 132 14.0
2 131 15.0
2 130 16.0
2 129 17.0
2 128 18.0
2 9 19.0
2 19 20.0
2 108 21.0
2 145 22.0
3 150 0.0
3 97 1.0
3 35 2.0
3 41 3.0
3 40 4.0
3 80 5.0
3 38 6.0
3 43 7.0
3 44 8.0
3 51 9.0
3 101 10.0
3 151 11.0
4 140 6.0
4 93 7.0
4 92 8.0
4 91 9.0
4 90 10.0
4 89 11.0
4 88 12.0
4 87 13.0
4 41 14.0
4 40 15.0
4 80 16.0
4 38 17.0
4 43 18.0
4 44 19.0
4 51 20.0
4 101 21.0
4 151 22.0
5 144 8.0
5 68 9.0
5 67 10.0
5 66 11.0
5 65 12.0
5 49 13.0
5 50 14.0
5 47 15.0
5 53 16.0
5 40 17.0
5 34 18.0
5 96 19.0
5 149 20.0
6 146 4.0
6 107 5.0
6 18 6.0
6 8 7.0
6 9 8.0
6 10 9.0
6 21 10.0
6 22 11.0
6 23 12.0
6 24 13.0
6 25 14.0
6 33 15.0
6 69 16.0
6 71 17.0
6 73 18.0
6 75 19.0
6 77 20.0
6 31 21.0
6 32 22.0
6 79 23.0
6 34 24.0
6 96 25.0
6 149 26.0
7 140 8.0
7 93 9.0
7 92 10.0
7 91 11.0
7 90 12.0
7 89 13.0
7 88 14.0
7 87 15.0
7 41 16.0
7 42 17.0
7 48 18.0
7 49 19.0
7 99 20.0
7 153 21.0
8 154 0.0
8 98 1.0
8 50 2.0
8 47 3.0
8 48 4.0
8 61 5.0
8 62 6.0
8 63 7.0
8 54 8.0
8 143 9.0
9 152 0.0
9 100 1.0
9 52 2.0
9 45 3.0
9 37 4.0
9 36 5.0
9 31 6.0
9 94 7.0
9 147 8.0
10 142 2.0
10 59 3.0
10 57 4.0
10 55 5.0
10 106 6.0
10 1 7.0
10 121 8.0
10 122 9.0
10 123 10.0
10 124 11.0
10 125 12.0
10 126 13.0
10 127 14.0
10 103 15.0
10 135 16.0
10 137 17.0
11 154 2.0
11 98 3.0
11 50 4.0
11 47 5.0
11 53 6.0
11 40 7.0
11 34 8.0
11 35 9.0
11 81 10.0
11 82 11.0
11 83 12.0
11 84 13.0
11 85 14.0
11 86 15.0
11 139 16.0
12 146 2.0
12 107 3.0
12 18 4.0
12 8 5.0
12 117 6.0
12 118 7.0
12 119 8.0
12 120 9.0
12 116 10.0
12 115 11.0
12 102 12.0
12 103 13.0
12 135 14.0
12 137 15.0
13 138 2.0
13 136 3.0
13 105 4.0
13 104 5.0
13 102 6.0
13 114 7.0
13 113 8.0
13 112 9.0
13 111 10.0
13 110 11.0
13 109 12.0
13 2 13.0
13 11 14.0
13 56 15.0
13 58 16.0
13 60 17.0
13 141 18.0
14 142 4.0
14 59 5.0
14 57 6.0
14 55 7.0
14 106 8.0
14 1 9.0
14 121 10.0
14 122 11.0
14 123 12.0
14 124 13.0
14 125 14.0
14 126 15.0
14 127 16.0
14 103 17.0
14 135 18.0
14 137 19.0
15 138 0.0
15 136 1.0
15 105 2.0
15 104 3.0
15 102 4.0
15 114 5.0
15 113 6.0
15 112 7.0
15 111 8.0
15 110 9.0
15 109 10.0
15 2 11.0
15 11 12.0
15 56 13.0
15 58 14.0
15 60 15.0
15 141 16.0
16 154 8.0
16 98 9.0
16 50 10.0
16 47 11.0
16 53 12.0
16 40 13.0
16 80 14.0
16 38 15.0
16 36 16.0
16 78 17.0
16 76 18.0
16 74 19.0
16 72 20.0
16 70 21.0
16 39 22.0
16 30 23.0
16 29 24.0
16 28 25.0
16 27 26.0
16 26 27.0
16 20 28.0
16 19 29.0
16 108 30.0
16 145 31.0
17 154 6.0
17 98 7.0
17 50 8.0
17 47 9.0
17 53 10.0
17 40 11.0
17 80 12.0
17 38 13.0
17 36 14.0
17 78 15.0
17 76 16.0
17 74 17.0
17 72 18.0
17 70 19.0
17 39 20.0
17 30 21.0
17 29 22.0
17 28 23.0
17 27 24.0
17 26 25.0
17 20 26.0
17 19 27.0
17 108 28.0
17 145 29.0
18 152 7.0
18 100 8.0
18 52 9.0
18 45 10.0
18 44 11.0
18 46 12.0
18 47 13.0
18 48 14.0
18 61 15.0
18 62 16.0
18 63 17.0
18 54 18.0
18 143 19.0
19 152 4.0
19 100 5.0
19 52 6.0
19 45 7.0
19 37 8.0
19 36 9.0
19 78 10.0
19 76 11.0
19 74 12.0
19 72 13.0
19 70 14.0
19 39 15.0
19 30 16.0
19 29 17.0
19 28 18.0
19 27 19.0
19 26 20.0
19 20 21.0
19 19 22.0
19 108 23.0
19 145 24.0
20 148 16.0
20 95 17.0
20 32 18.0
20 38 19.0
20 36 20.0
20 78 21.0
20 76 22.0
20 74 23.0
20 72 24.0
20 70 25.0
20 39 26.0
20 30 27.0
20 29 28.0
20 28 29.0
20 27 30.0
20 26 31.0
20 20 32.0
20 19 33.0
20 108 34.0
20 145 35.0
21 138 10.0
21 136 11.0
21 105 12.0
21 104 13.0
21 102 14.0
21 114 15.0
21 113 16.0
21 112 17.0
21 111 18.0
21 110 19.0
21 109 20.0
21 2 21.0
21 11 22.0
21 56 23.0
21 58 24.0
21 60 25.0
21 141 26.0
22 146 12.0
22 107 13.0
22 18 14.0
22 8 15.0
22 9 16.0
22 10 17.0
22 21 18.0
22 22 19.0
22 23 20.0
22 24 21.0
22 25 22.0
22 33 23.0
22 69 24.0
22 71 25.0
22 73 26.0
22 75 27.0
22 77 28.0
22 31 29.0
22 32 30.0
22 38 31.0
22 43 32.0
22 44 33.0
22 51 34.0
22 101 35.0
22 151 36.0
23 148 18.0
23 95 19.0
23 32 20.0
23 38 21.0
23 43 22.0
23 44 23.0
23 46 24.0
23 47 25.0
23 48 26.0
23 61 27.0
23 62 28.0
23 63 29.0
23 54 30.0
23 143 31.0
24 144 12.0
24 68 13.0
24 67 14.0
24 66 15.0
24 65 16.0
24 49 17.0
24 99 18.0
24 153 19.0
25 148 12.0
25 95 13.0
25 32 14.0
25 79 15.0
25 34 16.0
25 35 17.0
25 81 18.0
25 82 19.0
25 83 20.0
25 84 21.0
25 85 22.0
25 86 23.0
25 139 24.0
26 140 28.0
26 93 29.0
26 92 30.0
26 91 31.0
26 90 32.0
26 89 33.0
26 88 34.0
26 87 35.0
26 41 36.0
26 40 37.0
26 80 38.0
26 38 39.0
26 36 40.0
26 31 41.0
26 94 42.0
26 147 43.0
27 146 10.0
27 107 11.0
27 18 12.0
27 8 13.0
27 9 14.0
27 10 15.0
27 21 16.0
27 22 17.0
27 23 18.0
27 24 19.0
27 25 20.0
27 33 21.0
27 69 22.0
27 71 23.0
27 73 24.0
27 75 25.0
27 77 26.0
27 31 27.0
27 94 28.0
27 147 29.0
28 144 10.0
28 68 11.0
28 67 12.0
28 66 13.0
28 65 14.0
28 49 15.0
28 50 16.0
28 64 17.0
28 51 18.0
28 101 19.0
28 151 20.0
29 148 24.0
29 95 25.0
29 32 26.0
29 38 27.0
29 43 28.0
29 44 29.0
29 51 30.0
29 101 31.0
29 151 32.0
30 144 16.0
30 68 17.0
30 67 18.0
30 66 19.0
30 65 20.0
30 49 21.0
30 50 22.0
30 47 23.0
30 53 24.0
30 40 25.0
30 34 26.0
30 35 27.0
30 81 28.0
30 82 29.0
30 83 30.0
30 84 31.0
30 85 32.0
30 86 33.0
30 139 34.0
31 152 11.0
31 100 12.0
31 52 13.0
31 45 14.0
31 44 15.0
31 46 16.0
31 47 17.0
31 53 18.0
31 40 19.0
31 34 20.0
31 35 21.0
31 81 22.0
31 82 23.0
31 83 24.0
31 84 25.0
31 85 26.0
31 86 27.0
31 139 28.0
32 140 18.0
32 93 19.0
32 92 20.0
32 91 21.0
32 90 22.0
32 89 23.0
32 88 24.0
32 87 25.0
32 41 26.0
32 40 27.0
32 80 28.0
32 38 29.0
32 36 30.0
32 31 31.0
32 94 32.0
32 147 33.0
33 154 18.0
33 98 19.0
33 50 20.0
33 47 21.0
33 53 22.0
33 40 23.0
33 80 24.0
33 38 25.0
33 36 26.0
33 78 27.0
33 76 28.0
33 74 29.0
33 72 30.0
33 70 31.0
33 39 32.0
33 30 33.0
33 29 34.0
33 28 35.0
33 27 36.0
33 26 37.0
33 20 38.0
33 19 39.0
33 108 40.0
33 145 41.0
34 154 16.0
34 98 17.0
34 50 18.0
34 47 19.0
34 48 20.0
34 61 21.0
34 62 22.0
34 63 23.0
34 54 24.0
34 143 25.0
35 150 17.0
35 97 18.0
35 35 19.0
35 41 20.0
35 40 21.0
35 80 22.0
35 38 23.0
35 36 24.0
35 78 25.0
35 76 26.0
35 74 27.0
35 72 28.0
35 70 29.0
35 39 30.0
35 30 31.0
35 29 32.0
35 28 33.0
35 27 34.0
35 26 35.0
35 20 36.0
35 19 37.0
35 108 38.0
35 145 39.0
36 152 27.0
36 100 28.0
36 52 29.0
36 45 30.0
36 44 31.0
36 46 32.0
36 47 33.0
36 53 34.0
36 40 35.0
36 34 36.0
36 35 37.0
36 81 38.0
36 82 39.0
36 83 40.0
36 84 41.0
36 85 42.0
36 86 43.0
36 139 44.0
37 154 10.0
37 98 11.0
37 50 12.0
37 64 13.0
37 51 14.0
37 52 15.0
37 45 16.0
37 37 17.0
37 36 18.0
37 31 19.0
37 94 20.0
37 147 21.0
38 148 10.0
38 95 11.0
38 32 12.0
38 79 13.0
38 34 14.0
38 35 15.0
38 81 16.0
38 82 17.0
38 83 18.0
38 84 19.0
38 85 20.0
38 86 21.0
38 139 22.0
39 152 23.0
39 100 24.0
39 52 25.0
39 45 26.0
39 44 27.0
39 46 28.0
39 47 29.0
39 53 30.0
39 40 31.0
39 34 32.0
39 35 33.0
39 81 34.0
39 82 35.0
39 83 36.0
39 84 37.0
39 85 38.0
39 86 39.0
39 139 40.0
40 138 20.0
40 136 21.0
40 105 22.0
40 104 23.0
40 102 24.0
40 114 25.0
40 113 26.0
40 112 27.0
40 111 28.0
40 110 29.0
40 109 30.0
40 2 31.0
40 11 32.0
40 56 33.0
40 58 34.0
40 60 35.0
40 141 36.0
41 138 29.0
41 136 30.0
41 105 31.0
41 104 32.0
41 134 33.0
41 133 34.0
41 132 35.0
41 131 36.0
41 130 37.0
41 129 38.0
41 128 39.0
41 9 40.0
41 19 41.0
41 108 42.0
41 145 43.0
42 142 20.0
42 59 21.0
42 57 22.0
42 55 23.0
42 106 24.0
42 1 25.0
42 121 26.0
42 122 27.0
42 123 28.0
42 124 29.0
42 125 30.0
42 126 31.0
42 127 32.0
42 103 33.0
42 135 34.0
42 137 35.0
43 148 30.0
43 95 31.0
43 32 32.0
43 38 33.0
43 36 34.0
43 78 35.0
43 76 36.0
43 74 37.0
43 72 38.0
43 70 39.0
43 39 40.0
43 30 41.0
43 29 42.0
43 28 43.0
43 27 44.0
43 26 45.0
43 20 46.0
43 19 47.0
43 108 48.0
43 145 49.0
44 154 28.0
44 98 29.0
44 50 30.0
44 64 31.0
44 51 32.0
44 52 33.0
44 45 34.0
44 37 35.0
44 36 36.0
44 31 37.0
44 94 38.0
44 147 39.0
45 150 37.0
45 97 38.0
45 35 39.0
45 41 40.0
45 40 41.0
45 80 42.0
45 38 43.0
45 36 44.0
45 78 45.0
45 76 46.0
45 74 47.0
45 72 48.0
45 70 49.0
45 39 50.0
45 30 51.0
45 29 52.0
45 28 53.0
45 27 54.0
45 26 55.0
45 20 56.0
45 19 57.0
45 108 58.0
45 145 59.0
46 142 22.0
46 59 23.0
46 57 24.0
46 55 25.0
46 106 26.0
46 1 27.0
46 121 28.0
46 122 29.0
46 123 30.0
46 124 31.0
46 125 32.0
46 126 33.0
46 127 34.0
46 103 35.0
46 135 36.0
46 137 37.0
47 152 39.0
47 100 40.0
47 52 41.0
47 45 42.0
47 44 43.0
47 46 44.0
47 47 45.0
47 53 46.0
47 40 47.0
47 34 48.0
47 35 49.0
47 81 50.0
47 82 51.0
47 83 52.0
47 84 53.0
47 85 54.0
47 86 55.0
47 139 56.0
48 142 24.0
48 59 25.0
48 57 26.0
48 55 27.0
48 106 28.0
48 1 29.0
48 121 30.0
48 122 31.0
48 123 32.0
48 124 33.0
48 125 34.0
48 126 35.0
48 127 36.0
48 103 37.0
48 135 38.0
48 137 39.0
49 154 24.0
49 98 25.0
49 50 26.0
49 47 27.0
49 53 28.0
49 40 29.0
49 34 30.0
49 96 31.0
49 149 32.0
50 150 49.0
50 97 50.0
50 35 51.0
50 41 52.0
50 40 53.0
50 80 54.0
50 38 55.0
50 36 56.0
50 78 57.0
50 76 58.0
50 74 59.0
50 72 60.0
50 70 61.0
50 39 62.0
50 30 63.0
50 29 64.0
50 28 65.0
50 27 66.0
50 26 67.0
50 20 68.0
50 19 69.0
50 108 70.0
50 145 71.0
51 140 26.0
51 93 27.0
51 92 28.0
51 91 29.0
51 90 30.0
51 89 31.0
51 88 32.0
51 87 33.0
51 41 34.0
51 42 35.0
51 48 36.0
51 49 37.0
51 99 38.0
51 153 39.0
52 140 20.0
52 93 21.0
52 92 22.0
52 91 23.0
52 90 24.0
52 89 25.0
52 88 26.0
52 87 27.0
52 41 28.0
52 42 29.0
52 48 30.0
52 49 31.0
52 99 32.0
52 153 33.0
53 150 27.0
53 97 28.0
53 35 29.0
53 41 30.0
53 42 31.0
53 48 32.0
53 49 33.0
53 99 34.0
53 153 35.0
54 154 38.0
54 98 39.0
54 50 40.0
54 47 41.0
54 53 42.0
54 40 43.0
54 34 44.0
54 35 45.0
54 81 46.0
54 82 47.0
54 83 48.0
54 84 49.0
54 85 50.0
54 86 51.0
54 139 52.0
55 150 29.0
55 97 30.0
55 35 31.0
55 41 32.0
55 40 33.0
55 80 34.0
55 38 35.0
55 43 36.0
55 44 37.0
55 51 38.0
55 101 39.0
55 151 40.0
56 138 33.0
56 136 34.0
56 105 35.0
56 104 36.0
56 134 37.0
56 133 38.0
56 132 39.0
56 131 40.0
56 130 41.0
56 129 42.0
56 128 43.0
56 9 44.0
56 19 45.0
56 108 46.0
56 145 47.0
57 138 23.0
57 136 24.0
57 105 25.0
57 104 26.0
57 134 27.0
57 133 28.0
57 132 29.0
57 131 30.0
57 130 31.0
57 129 32.0
57 128 33.0
57 9 34.0
57 19 35.0
57 108 36.0
57 145 37.0
58 142 29.0
58 59 30.0
58 57 31.0
58 55 32.0
58 106 33.0
58 1 34.0
58 121 35.0
58 122 36.0
58 123 37.0
58 124 38.0
58 125 39.0
58 126 40.0
58 127 41.0
58 103 42.0
58 135 43.0
58 137 44.0
59 138 25.0
59 136 26.0
59 105 27.0
59 104 28.0
59 102 29.0
59 114 30.0
59 113 31.0
59 112 32.0
59 111 33.0
59 110 34.0
59 109 35.0
59 2 36.0
59 11 37.0
59 56 38.0
59 58 39.0
59 60 40.0
59 141 41.0
60 152 48.0
60 100 49.0
60 52 50.0
60 45 51.0
60 44 52.0
60 46 53.0
60 47 54.0
60 53 55.0
60 40 56.0
60 34 57.0
60 35 58.0
60 81 59.0
60 82 60.0
60 83 61.0
60 84 62.0
60 85 63.0
60 86 64.0
60 139 65.0
61 150 33.0
61 97 34.0
61 35 35.0
61 81 36.0
61 82 37.0
61 83 38.0
61 84 39.0
61 85 40.0
61 86 41.0
61 139 42.0
62 154 44.0
62 98 45.0
62 50 46.0
62 47 47.0
62 53 48.0
62 40 49.0
62 80 50.0
62 38 51.0
62 36 52.0
62 78 53.0
62 76 54.0
62 74 55.0
62 72 56.0
62 70 57.0
62 39 58.0
62 30 59.0
62 29 60.0
62 28 61.0
62 27 62.0
62 26 63.0
62 20 64.0
62 19 65.0
62 108 66.0
62 145 67.0
63 138 31.0
63 136 32.0
63 105 33.0
63 104 34.0
63 134 35.0
63 133 36.0
63 132 37.0
63 131 38.0
63 130 39.0
63 129 40.0
63 128 41.0
63 9 42.0
63 19 43.0
63 108 44.0
63 145 45.0
64 154 40.0
64 98 41.0
64 50 42.0
64 64 43.0
64 51 44.0
64 52 45.0
64 45 46.0
64 37 47.0
64 36 48.0
64 31 49.0
64 94 50.0
64 147 51.0
65 144 42.0
65 68 43.0
65 67 44.0
65 66 45.0
65 65 46.0
65 49 47.0
65 50 48.0
65 47 49.0
65 53 50.0
65 40 51.0
65 34 52.0
65 35 53.0
65 81 54.0
65 82 55.0
65 83 56.0
65 84 57.0
65 85 58.0
65 86 59.0
65 139 60.0
66 144 30.0
66 68 31.0
66 67 32.0
66 66 33.0
66 65 34.0
66 49 35.0
66 50 36.0
66 47 37.0
66 53 38.0
66 40 39.0
66 34 40.0
66 96 41.0
66 149 42.0
67 144 34.0
67 68 35.0
67 67 36.0
67 66 37.0
67 65 38.0
67 49 39.0
67 99 40.0
67 153 41.0
68 146 34.0
68 107 35.0
68 18 36.0
68 8 37.0
68 9 38.0
68 10 39.0
68 21 40.0
68 22 41.0
68 23 42.0
68 24 43.0
68 25 44.0
68 33 45.0
68 69 46.0
68 71 47.0
68 73 48.0
68 75 49.0
68 77 50.0
68 31 51.0
68 94 52.0
68 147 53.0
70 142 31.0
70 59 32.0
70 57 33.0
70 55 34.0
70 106 35.0
70 1 36.0
70 121 37.0
70 122 38.0
70 123 39.0
70 124 40.0
70 125 41.0
70 126 42.0
70 127 43.0
70 103 44.0
70 135 45.0
70 137 46.0
71 142 33.0
71 59 34.0
71 57 35.0
71 55 36.0
71 106 37.0
71 1 38.0
71 121 39.0
71 122 40.0
71 123 41.0
71 124 42.0
71 125 43.0
71 126 44.0
71 127 45.0
71 103 46.0
71 135 47.0
71 137 48.0
72 150 39.0
72 97 40.0
72 35 41.0
72 81 42.0
72 82 43.0
72 83 44.0
72 84 45.0
72 85 46.0
72 86 47.0
72 139 48.0
73 140 39.0
73 93 40.0
73 92 41.0
73 91 42.0
73 90 43.0
73 89 44.0
73 88 45.0
73 87 46.0
73 41 47.0
73 42 48.0
73 48 49.0
73 49 50.0
73 99 51.0
73 153 52.0
74 152 37.0
74 100 38.0
74 52 39.0
74 45 40.0
74 44 41.0
74 46 42.0
74 47 43.0
74 48 44.0
74 49 45.0
74 99 46.0
74 153 47.0
75 140 30.0
75 93 31.0
75 92 32.0
75 91 33.0
75 90 34.0
75 89 35.0
75 88 36.0
75 87 37.0
75 41 38.0
75 42 39.0
75 48 40.0
75 49 41.0
75 99 42.0
75 153 43.0
76 142 35.0
76 59 36.0
76 57 37.0
76 55 38.0
76 106 39.0
76 1 40.0
76 121 41.0
76 122 42.0
76 123 43.0
76 124 44.0
76 125 45.0
76 126 46.0
76 127 47.0
76 103 48.0
76 135 49.0
76 137 50.0
77 144 49.0
77 68 50.0
77 67 51.0
77 66 52.0
77 65 53.0
77 49 54.0
77 50 55.0
77 47 56.0
77 53 57.0
77 40 58.0
77 34 59.0
77 96 60.0
77 149 61.0
78 140 36.0
78 93 37.0
78 92 38.0
78 91 39.0
78 90 40.0
78 89 41.0
78 88 42.0
78 87 43.0
78 41 44.0
78 40 45.0
78 80 46.0
78 38 47.0
78 43 48.0
78 44 49.0
78 51 50.0
78 101 51.0
78 151 52.0
79 144 38.0
79 68 39.0
79 67 40.0
79 66 41.0
79 65 42.0
79 49 43.0
79 50 44.0
79 64 45.0
79 51 46.0
79 101 47.0
79 151 48.0
80 146 46.0
80 107 47.0
80 18 48.0
80 8 49.0
80 9 50.0
80 10 51.0
80 21 52.0
80 22 53.0
80 23 54.0
80 24 55.0
80 25 56.0
80 33 57.0
80 69 58.0
80 71 59.0
80 73 60.0
80 75 61.0
80 77 62.0
80 31 63.0
80 94 64.0
80 147 65.0
83 138 40.0
83 136 41.0
83 105 42.0
83 104 43.0
83 102 44.0
83 114 45.0
83 113 46.0
83 112 47.0
83 111 48.0
83 110 49.0
83 109 50.0
83 2 51.0
83 11 52.0
83 56 53.0
83 58 54.0
83 60 55.0
83 141 56.0
84 142 46.0
84 59 47.0
84 57 48.0
84 55 49.0
84 106 50.0
84 1 51.0
84 121 52.0
84 122 53.0
84 123 54.0
84 124 55.0
84 125 56.0
84 126 57.0
84 127 58.0
84 103 59.0
84 135 60.0
84 137 61.0
85 142 40.0
85 59 41.0
85 57 42.0
85 55 43.0
85 106 44.0
85 1 45.0
85 121 46.0
85 122 47.0
85 123 48.0
85 124 49.0
85 125 50.0
85 126 51.0
85 127 52.0
85 103 53.0
85 135 54.0
85 137 55.0
86 146 48.0
86 107 49.0
86 18 50.0
86 8 51.0
86 9 52.0
86 10 53.0
86 21 54.0
86 22 55.0
86 23 56.0
86 24 57.0
86 25 58.0
86 33 59.0
86 69 60.0
86 71 61.0
86 73 62.0
86 75 63.0
86 77 64.0
86 31 65.0
86 94 66.0
86 147 67.0
87 154 49.0
87 98 50.0
87 50 51.0
87 47 52.0
87 48 53.0
87 61 54.0
87 62 55.0
87 63 56.0
87 54 57.0
87 143 58.0
88 142 44.0
88 59 45.0
88 57 46.0
88 55 47.0
88 106 48.0
88 1 49.0
88 121 50.0
88 122 51.0
88 123 52.0
88 124 53.0
88 125 54.0
88 126 55.0
88 127 56.0
88 103 57.0
88 135 58.0
88 137 59.0
90 138 42.0
90 136 43.0
90 105 44.0
90 104 45.0
90 102 46.0
90 114 47.0
90 113 48.0
90 112 49.0
90 111 50.0
90 110 51.0
90 109 52.0
90 2 53.0
90 11 54.0
90 56 55.0
90 58 56.0
90 60 57.0
90 141 58.0
91 140 41.0
91 93 42.0
91 92 43.0
91 91 44.0
91 90 45.0
91 89 46.0
91 88 47.0
91 87 48.0
91 41 49.0
91 42 50.0
91 48 51.0
91 49 52.0
91 99 53.0
91 153 54.0
92 142 48.0
92 59 49.0
92 57 50.0
92 55 51.0
92 106 52.0
92 1 53.0
92 121 54.0
92 122 55.0
92 123 56.0
92 124 57.0
92 125 58.0
92 126 59.0
92 127 60.0
92 103 61.0
92 135 62.0
92 137 63.0
94 152 41.0
94 100 42.0
94 52 43.0
94 45 44.0
94 37 45.0
94 36 46.0
94 31 47.0
94 94 48.0
94 147 49.0
95 148 42.0
95 95 43.0
95 32 44.0
95 79 45.0
95 34 46.0
95 35 47.0
95 81 48.0
95 82 49.0
95 83 50.0
95 84 51.0
95 85 52.0
95 86 53.0
95 139 54.0
98 146 44.0
98 107 45.0
98 18 46.0
98 8 47.0
98 117 48.0
98 118 49.0
98 119 50.0
98 120 51.0
98 116 52.0
98 115 53.0
98 102 54.0
98 103 55.0
98 135 56.0
98 137 57.0
99 144 3
99 68 4.0
99 67 5.0
99 66 6.0
99 65 7.0
99 49 8.0
99 50 9.0
99 47 10.0
99 53 11.0
99 40 12.0
99 34 13.0
99 96 14.0
99 149 15.0
;
param t_hat_lat:=
0 144 1.0
0 68 2.0
0 67 3.0
0 66 4.0
0 65 5.0
0 49 6.0
0 50 7.0
0 47 8.0
0 53 9.0
0 40 10.0
0 34 11.0
0 96 12.0
0 149 13.0
1 146 1.0
1 107 2.0
1 18 3.0
1 8 4.0
1 9 5.0
1 10 6.0
1 21 7.0
1 22 8.0
1 23 9.0
1 24 10.0
1 25 11.0
1 33 12.0
1 69 13.0
1 71 14.0
1 73 15.0
1 75 16.0
1 77 17.0
1 31 18.0
1 94 19.0
1 147 20.0
2 138 9.0
2 136 10.0
2 105 11.0
2 104 12.0
2 134 13.0
2 133 14.0
2 132 15.0
2 131 16.0
2 130 17.0
2 129 18.0
2 128 19.0
2 9 20.0
2 19 21.0
2 108 22.0
2 145 23.0
3 150 1.0
3 97 2.0
3 35 3.0
3 41 4.0
3 40 5.0
3 80 6.0
3 38 7.0
3 43 8.0
3 44 9.0
3 51 10.0
3 101 11.0
3 151 12.0
4 140 7.0
4 93 8.0
4 92 9.0
4 91 10.0
4 90 11.0
4 89 12.0
4 88 13.0
4 87 14.0
4 41 15.0
4 40 16.0
4 80 17.0
4 38 18.0
4 43 19.0
4 44 20.0
4 51 21.0
4 101 22.0
4 151 23.0
5 144 9.0
5 68 10.0
5 67 11.0
5 66 12.0
5 65 13.0
5 49 14.0
5 50 15.0
5 47 16.0
5 53 17.0
5 40 18.0
5 34 19.0
5 96 20.0
5 149 21.0
6 146 5.0
6 107 6.0
6 18 7.0
6 8 8.0
6 9 9.0
6 10 10.0
6 21 11.0
6 22 12.0
6 23 13.0
6 24 14.0
6 25 15.0
6 33 16.0
6 69 17.0
6 71 18.0
6 73 19.0
6 75 20.0
6 77 21.0
6 31 22.0
6 32 23.0
6 79 24.0
6 34 25.0
6 96 26.0
6 149 27.0
7 140 9.0
7 93 10.0
7 92 11.0
7 91 12.0
7 90 13.0
7 89 14.0
7 88 15.0
7 87 16.0
7 41 17.0
7 42 18.0
7 48 19.0
7 49 20.0
7 99 21.0
7 153 22.0
8 154 1.0
8 98 2.0
8 50 3.0
8 47 4.0
8 48 5.0
8 61 6.0
8 62 7.0
8 63 8.0
8 54 9.0
8 143 10.0
9 152 1.0
9 100 2.0
9 52 3.0
9 45 4.0
9 37 5.0
9 36 6.0
9 31 7.0
9 94 8.0
9 147 9.0
10 142 3.0
10 59 4.0
10 57 5.0
10 55 6.0
10 106 7.0
10 1 8.0
10 121 9.0
10 122 10.0
10 123 11.0
10 124 12.0
10 125 13.0
10 126 14.0
10 127 15.0
10 103 16.0
10 135 17.0
10 137 18.0
11 154 3.0
11 98 4.0
11 50 5.0
11 47 6.0
11 53 7.0
11 40 8.0
11 34 9.0
11 35 10.0
11 81 11.0
11 82 12.0
11 83 13.0
11 84 14.0
11 85 15.0
11 86 16.0
11 139 17.0
12 146 3.0
12 107 4.0
12 18 5.0
12 8 6.0
12 117 7.0
12 118 8.0
12 119 9.0
12 120 10.0
12 116 11.0
12 115 12.0
12 102 13.0
12 103 14.0
12 135 15.0
12 137 16.0
13 138 3.0
13 136 4.0
13 105 5.0
13 104 6.0
13 102 7.0
13 114 8.0
13 113 9.0
13 112 10.0
13 111 11.0
13 110 12.0
13 109 13.0
13 2 14.0
13 11 15.0
13 56 16.0
13 58 17.0
13 60 18.0
13 141 19.0
14 142 5.0
14 59 6.0
14 57 7.0
14 55 8.0
14 106 9.0
14 1 10.0
14 121 11.0
14 122 12.0
14 123 13.0
14 124 14.0
14 125 15.0
14 126 16.0
14 127 17.0
14 103 18.0
14 135 19.0
14 137 20.0
15 138 1.0
15 136 2.0
15 105 3.0
15 104 4.0
15 102 5.0
15 114 6.0
15 113 7.0
15 112 8.0
15 111 9.0
15 110 10.0
15 109 11.0
15 2 12.0
15 11 13.0
15 56 14.0
15 58 15.0
15 60 16.0
15 141 17.0
16 154 9.0
16 98 10.0
16 50 11.0
16 47 12.0
16 53 13.0
16 40 14.0
16 80 15.0
16 38 16.0
16 36 17.0
16 78 18.0
16 76 19.0
16 74 20.0
16 72 21.0
16 70 22.0
16 39 23.0
16 30 24.0
16 29 25.0
16 28 26.0
16 27 27.0
16 26 28.0
16 20 29.0
16 19 30.0
16 108 31.0
16 145 32.0
17 154 7.0
17 98 8.0
17 50 9.0
17 47 10.0
17 53 11.0
17 40 12.0
17 80 13.0
17 38 14.0
17 36 15.0
17 78 16.0
17 76 17.0
17 74 18.0
17 72 19.0
17 70 20.0
17 39 21.0
17 30 22.0
17 29 23.0
17 28 24.0
17 27 25.0
17 26 26.0
17 20 27.0
17 19 28.0
17 108 29.0
17 145 30.0
18 152 8.0
18 100 9.0
18 52 10.0
18 45 11.0
18 44 12.0
18 46 13.0
18 47 14.0
18 48 15.0
18 61 16.0
18 62 17.0
18 63 18.0
18 54 19.0
18 143 20.0
19 152 5.0
19 100 6.0
19 52 7.0
19 45 8.0
19 37 9.0
19 36 10.0
19 78 11.0
19 76 12.0
19 74 13.0
19 72 14.0
19 70 15.0
19 39 16.0
19 30 17.0
19 29 18.0
19 28 19.0
19 27 20.0
19 26 21.0
19 20 22.0
19 19 23.0
19 108 24.0
19 145 25.0
20 148 17.0
20 95 18.0
20 32 19.0
20 38 20.0
20 36 21.0
20 78 22.0
20 76 23.0
20 74 24.0
20 72 25.0
20 70 26.0
20 39 27.0
20 30 28.0
20 29 29.0
20 28 30.0
20 27 31.0
20 26 32.0
20 20 33.0
20 19 34.0
20 108 35.0
20 145 36.0
21 138 11.0
21 136 12.0
21 105 13.0
21 104 14.0
21 102 15.0
21 114 16.0
21 113 17.0
21 112 18.0
21 111 19.0
21 110 20.0
21 109 21.0
21 2 22.0
21 11 23.0
21 56 24.0
21 58 25.0
21 60 26.0
21 141 27.0
22 146 13.0
22 107 14.0
22 18 15.0
22 8 16.0
22 9 17.0
22 10 18.0
22 21 19.0
22 22 20.0
22 23 21.0
22 24 22.0
22 25 23.0
22 33 24.0
22 69 25.0
22 71 26.0
22 73 27.0
22 75 28.0
22 77 29.0
22 31 30.0
22 32 31.0
22 38 32.0
22 43 33.0
22 44 34.0
22 51 35.0
22 101 36.0
22 151 37.0
23 148 19.0
23 95 20.0
23 32 21.0
23 38 22.0
23 43 23.0
23 44 24.0
23 46 25.0
23 47 26.0
23 48 27.0
23 61 28.0
23 62 29.0
23 63 30.0
23 54 31.0
23 143 32.0
24 144 13.0
24 68 14.0
24 67 15.0
24 66 16.0
24 65 17.0
24 49 18.0
24 99 19.0
24 153 20.0
25 148 13.0
25 95 14.0
25 32 15.0
25 79 16.0
25 34 17.0
25 35 18.0
25 81 19.0
25 82 20.0
25 83 21.0
25 84 22.0
25 85 23.0
25 86 24.0
25 139 25.0
26 140 29.0
26 93 30.0
26 92 31.0
26 91 32.0
26 90 33.0
26 89 34.0
26 88 35.0
26 87 36.0
26 41 37.0
26 40 38.0
26 80 39.0
26 38 40.0
26 36 41.0
26 31 42.0
26 94 43.0
26 147 44.0
27 146 11.0
27 107 12.0
27 18 13.0
27 8 14.0
27 9 15.0
27 10 16.0
27 21 17.0
27 22 18.0
27 23 19.0
27 24 20.0
27 25 21.0
27 33 22.0
27 69 23.0
27 71 24.0
27 73 25.0
27 75 26.0
27 77 27.0
27 31 28.0
27 94 29.0
27 147 30.0
28 144 11.0
28 68 12.0
28 67 13.0
28 66 14.0
28 65 15.0
28 49 16.0
28 50 17.0
28 64 18.0
28 51 19.0
28 101 20.0
28 151 21.0
29 148 25.0
29 95 26.0
29 32 27.0
29 38 28.0
29 43 29.0
29 44 30.0
29 51 31.0
29 101 32.0
29 151 33.0
30 144 17.0
30 68 18.0
30 67 19.0
30 66 20.0
30 65 21.0
30 49 22.0
30 50 23.0
30 47 24.0
30 53 25.0
30 40 26.0
30 34 27.0
30 35 28.0
30 81 29.0
30 82 30.0
30 83 31.0
30 84 32.0
30 85 33.0
30 86 34.0
30 139 35.0
31 152 12.0
31 100 13.0
31 52 14.0
31 45 15.0
31 44 16.0
31 46 17.0
31 47 18.0
31 53 19.0
31 40 20.0
31 34 21.0
31 35 22.0
31 81 23.0
31 82 24.0
31 83 25.0
31 84 26.0
31 85 27.0
31 86 28.0
31 139 29.0
32 140 19.0
32 93 20.0
32 92 21.0
32 91 22.0
32 90 23.0
32 89 24.0
32 88 25.0
32 87 26.0
32 41 27.0
32 40 28.0
32 80 29.0
32 38 30.0
32 36 31.0
32 31 32.0
32 94 33.0
32 147 34.0
33 154 19.0
33 98 20.0
33 50 21.0
33 47 22.0
33 53 23.0
33 40 24.0
33 80 25.0
33 38 26.0
33 36 27.0
33 78 28.0
33 76 29.0
33 74 30.0
33 72 31.0
33 70 32.0
33 39 33.0
33 30 34.0
33 29 35.0
33 28 36.0
33 27 37.0
33 26 38.0
33 20 39.0
33 19 40.0
33 108 41.0
33 145 42.0
34 154 17.0
34 98 18.0
34 50 19.0
34 47 20.0
34 48 21.0
34 61 22.0
34 62 23.0
34 63 24.0
34 54 25.0
34 143 26.0
35 150 18.0
35 97 19.0
35 35 20.0
35 41 21.0
35 40 22.0
35 80 23.0
35 38 24.0
35 36 25.0
35 78 26.0
35 76 27.0
35 74 28.0
35 72 29.0
35 70 30.0
35 39 31.0
35 30 32.0
35 29 33.0
35 28 34.0
35 27 35.0
35 26 36.0
35 20 37.0
35 19 38.0
35 108 39.0
35 145 40.0
36 152 28.0
36 100 29.0
36 52 30.0
36 45 31.0
36 44 32.0
36 46 33.0
36 47 34.0
36 53 35.0
36 40 36.0
36 34 37.0
36 35 38.0
36 81 39.0
36 82 40.0
36 83 41.0
36 84 42.0
36 85 43.0
36 86 44.0
36 139 45.0
37 154 11.0
37 98 12.0
37 50 13.0
37 64 14.0
37 51 15.0
37 52 16.0
37 45 17.0
37 37 18.0
37 36 19.0
37 31 20.0
37 94 21.0
37 147 22.0
38 148 11.0
38 95 12.0
38 32 13.0
38 79 14.0
38 34 15.0
38 35 16.0
38 81 17.0
38 82 18.0
38 83 19.0
38 84 20.0
38 85 21.0
38 86 22.0
38 139 23.0
39 152 24.0
39 100 25.0
39 52 26.0
39 45 27.0
39 44 28.0
39 46 29.0
39 47 30.0
39 53 31.0
39 40 32.0
39 34 33.0
39 35 34.0
39 81 35.0
39 82 36.0
39 83 37.0
39 84 38.0
39 85 39.0
39 86 40.0
39 139 41.0
40 138 21.0
40 136 22.0
40 105 23.0
40 104 24.0
40 102 25.0
40 114 26.0
40 113 27.0
40 112 28.0
40 111 29.0
40 110 30.0
40 109 31.0
40 2 32.0
40 11 33.0
40 56 34.0
40 58 35.0
40 60 36.0
40 141 37.0
41 138 30.0
41 136 31.0
41 105 32.0
41 104 33.0
41 134 34.0
41 133 35.0
41 132 36.0
41 131 37.0
41 130 38.0
41 129 39.0
41 128 40.0
41 9 41.0
41 19 42.0
41 108 43.0
41 145 44.0
42 142 21.0
42 59 22.0
42 57 23.0
42 55 24.0
42 106 25.0
42 1 26.0
42 121 27.0
42 122 28.0
42 123 29.0
42 124 30.0
42 125 31.0
42 126 32.0
42 127 33.0
42 103 34.0
42 135 35.0
42 137 36.0
43 148 31.0
43 95 32.0
43 32 33.0
43 38 34.0
43 36 35.0
43 78 36.0
43 76 37.0
43 74 38.0
43 72 39.0
43 70 40.0
43 39 41.0
43 30 42.0
43 29 43.0
43 28 44.0
43 27 45.0
43 26 46.0
43 20 47.0
43 19 48.0
43 108 49.0
43 145 50.0
44 154 29.0
44 98 30.0
44 50 31.0
44 64 32.0
44 51 33.0
44 52 34.0
44 45 35.0
44 37 36.0
44 36 37.0
44 31 38.0
44 94 39.0
44 147 40.0
45 150 38.0
45 97 39.0
45 35 40.0
45 41 41.0
45 40 42.0
45 80 43.0
45 38 44.0
45 36 45.0
45 78 46.0
45 76 47.0
45 74 48.0
45 72 49.0
45 70 50.0
45 39 51.0
45 30 52.0
45 29 53.0
45 28 54.0
45 27 55.0
45 26 56.0
45 20 57.0
45 19 58.0
45 108 59.0
45 145 60.0
46 142 23.0
46 59 24.0
46 57 25.0
46 55 26.0
46 106 27.0
46 1 28.0
46 121 29.0
46 122 30.0
46 123 31.0
46 124 32.0
46 125 33.0
46 126 34.0
46 127 35.0
46 103 36.0
46 135 37.0
46 137 38.0
47 152 40.0
47 100 41.0
47 52 42.0
47 45 43.0
47 44 44.0
47 46 45.0
47 47 46.0
47 53 47.0
47 40 48.0
47 34 49.0
47 35 50.0
47 81 51.0
47 82 52.0
47 83 53.0
47 84 54.0
47 85 55.0
47 86 56.0
47 139 57.0
48 142 25.0
48 59 26.0
48 57 27.0
48 55 28.0
48 106 29.0
48 1 30.0
48 121 31.0
48 122 32.0
48 123 33.0
48 124 34.0
48 125 35.0
48 126 36.0
48 127 37.0
48 103 38.0
48 135 39.0
48 137 40.0
49 154 25.0
49 98 26.0
49 50 27.0
49 47 28.0
49 53 29.0
49 40 30.0
49 34 31.0
49 96 32.0
49 149 33.0
50 150 50.0
50 97 51.0
50 35 52.0
50 41 53.0
50 40 54.0
50 80 55.0
50 38 56.0
50 36 57.0
50 78 58.0
50 76 59.0
50 74 60.0
50 72 61.0
50 70 62.0
50 39 63.0
50 30 64.0
50 29 65.0
50 28 66.0
50 27 67.0
50 26 68.0
50 20 69.0
50 19 70.0
50 108 71.0
50 145 72.0
51 140 27.0
51 93 28.0
51 92 29.0
51 91 30.0
51 90 31.0
51 89 32.0
51 88 33.0
51 87 34.0
51 41 35.0
51 42 36.0
51 48 37.0
51 49 38.0
51 99 39.0
51 153 40.0
52 140 21.0
52 93 22.0
52 92 23.0
52 91 24.0
52 90 25.0
52 89 26.0
52 88 27.0
52 87 28.0
52 41 29.0
52 42 30.0
52 48 31.0
52 49 32.0
52 99 33.0
52 153 34.0
53 150 28.0
53 97 29.0
53 35 30.0
53 41 31.0
53 42 32.0
53 48 33.0
53 49 34.0
53 99 35.0
53 153 36.0
54 154 39.0
54 98 40.0
54 50 41.0
54 47 42.0
54 53 43.0
54 40 44.0
54 34 45.0
54 35 46.0
54 81 47.0
54 82 48.0
54 83 49.0
54 84 50.0
54 85 51.0
54 86 52.0
54 139 53.0
55 150 30.0
55 97 31.0
55 35 32.0
55 41 33.0
55 40 34.0
55 80 35.0
55 38 36.0
55 43 37.0
55 44 38.0
55 51 39.0
55 101 40.0
55 151 41.0
56 138 34.0
56 136 35.0
56 105 36.0
56 104 37.0
56 134 38.0
56 133 39.0
56 132 40.0
56 131 41.0
56 130 42.0
56 129 43.0
56 128 44.0
56 9 45.0
56 19 46.0
56 108 47.0
56 145 48.0
57 138 24.0
57 136 25.0
57 105 26.0
57 104 27.0
57 134 28.0
57 133 29.0
57 132 30.0
57 131 31.0
57 130 32.0
57 129 33.0
57 128 34.0
57 9 35.0
57 19 36.0
57 108 37.0
57 145 38.0
58 142 30.0
58 59 31.0
58 57 32.0
58 55 33.0
58 106 34.0
58 1 35.0
58 121 36.0
58 122 37.0
58 123 38.0
58 124 39.0
58 125 40.0
58 126 41.0
58 127 42.0
58 103 43.0
58 135 44.0
58 137 45.0
59 138 26.0
59 136 27.0
59 105 28.0
59 104 29.0
59 102 30.0
59 114 31.0
59 113 32.0
59 112 33.0
59 111 34.0
59 110 35.0
59 109 36.0
59 2 37.0
59 11 38.0
59 56 39.0
59 58 40.0
59 60 41.0
59 141 42.0
60 152 49.0
60 100 50.0
60 52 51.0
60 45 52.0
60 44 53.0
60 46 54.0
60 47 55.0
60 53 56.0
60 40 57.0
60 34 58.0
60 35 59.0
60 81 60.0
60 82 61.0
60 83 62.0
60 84 63.0
60 85 64.0
60 86 65.0
60 139 66.0
61 150 34.0
61 97 35.0
61 35 36.0
61 81 37.0
61 82 38.0
61 83 39.0
61 84 40.0
61 85 41.0
61 86 42.0
61 139 43.0
62 154 45.0
62 98 46.0
62 50 47.0
62 47 48.0
62 53 49.0
62 40 50.0
62 80 51.0
62 38 52.0
62 36 53.0
62 78 54.0
62 76 55.0
62 74 56.0
62 72 57.0
62 70 58.0
62 39 59.0
62 30 60.0
62 29 61.0
62 28 62.0
62 27 63.0
62 26 64.0
62 20 65.0
62 19 66.0
62 108 67.0
62 145 68.0
63 138 32.0
63 136 33.0
63 105 34.0
63 104 35.0
63 134 36.0
63 133 37.0
63 132 38.0
63 131 39.0
63 130 40.0
63 129 41.0
63 128 42.0
63 9 43.0
63 19 44.0
63 108 45.0
63 145 46.0
64 154 41.0
64 98 42.0
64 50 43.0
64 64 44.0
64 51 45.0
64 52 46.0
64 45 47.0
64 37 48.0
64 36 49.0
64 31 50.0
64 94 51.0
64 147 52.0
65 144 43.0
65 68 44.0
65 67 45.0
65 66 46.0
65 65 47.0
65 49 48.0
65 50 49.0
65 47 50.0
65 53 51.0
65 40 52.0
65 34 53.0
65 35 54.0
65 81 55.0
65 82 56.0
65 83 57.0
65 84 58.0
65 85 59.0
65 86 60.0
65 139 61.0
66 144 31.0
66 68 32.0
66 67 33.0
66 66 34.0
66 65 35.0
66 49 36.0
66 50 37.0
66 47 38.0
66 53 39.0
66 40 40.0
66 34 41.0
66 96 42.0
66 149 43.0
67 144 35.0
67 68 36.0
67 67 37.0
67 66 38.0
67 65 39.0
67 49 40.0
67 99 41.0
67 153 42.0
68 146 35.0
68 107 36.0
68 18 37.0
68 8 38.0
68 9 39.0
68 10 40.0
68 21 41.0
68 22 42.0
68 23 43.0
68 24 44.0
68 25 45.0
68 33 46.0
68 69 47.0
68 71 48.0
68 73 49.0
68 75 50.0
68 77 51.0
68 31 52.0
68 94 53.0
68 147 54.0
70 142 32.0
70 59 33.0
70 57 34.0
70 55 35.0
70 106 36.0
70 1 37.0
70 121 38.0
70 122 39.0
70 123 40.0
70 124 41.0
70 125 42.0
70 126 43.0
70 127 44.0
70 103 45.0
70 135 46.0
70 137 47.0
71 142 34.0
71 59 35.0
71 57 36.0
71 55 37.0
71 106 38.0
71 1 39.0
71 121 40.0
71 122 41.0
71 123 42.0
71 124 43.0
71 125 44.0
71 126 45.0
71 127 46.0
71 103 47.0
71 135 48.0
71 137 49.0
72 150 40.0
72 97 41.0
72 35 42.0
72 81 43.0
72 82 44.0
72 83 45.0
72 84 46.0
72 85 47.0
72 86 48.0
72 139 49.0
73 140 40.0
73 93 41.0
73 92 42.0
73 91 43.0
73 90 44.0
73 89 45.0
73 88 46.0
73 87 47.0
73 41 48.0
73 42 49.0
73 48 50.0
73 49 51.0
73 99 52.0
73 153 53.0
74 152 38.0
74 100 39.0
74 52 40.0
74 45 41.0
74 44 42.0
74 46 43.0
74 47 44.0
74 48 45.0
74 49 46.0
74 99 47.0
74 153 48.0
75 140 31.0
75 93 32.0
75 92 33.0
75 91 34.0
75 90 35.0
75 89 36.0
75 88 37.0
75 87 38.0
75 41 39.0
75 42 40.0
75 48 41.0
75 49 42.0
75 99 43.0
75 153 44.0
76 142 36.0
76 59 37.0
76 57 38.0
76 55 39.0
76 106 40.0
76 1 41.0
76 121 42.0
76 122 43.0
76 123 44.0
76 124 45.0
76 125 46.0
76 126 47.0
76 127 48.0
76 103 49.0
76 135 50.0
76 137 51.0
77 144 50.0
77 68 51.0
77 67 52.0
77 66 53.0
77 65 54.0
77 49 55.0
77 50 56.0
77 47 57.0
77 53 58.0
77 40 59.0
77 34 60.0
77 96 61.0
77 149 62.0
78 140 37.0
78 93 38.0
78 92 39.0
78 91 40.0
78 90 41.0
78 89 42.0
78 88 43.0
78 87 44.0
78 41 45.0
78 40 46.0
78 80 47.0
78 38 48.0
78 43 49.0
78 44 50.0
78 51 51.0
78 101 52.0
78 151 53.0
79 144 39.0
79 68 40.0
79 67 41.0
79 66 42.0
79 65 43.0
79 49 44.0
79 50 45.0
79 64 46.0
79 51 47.0
79 101 48.0
79 151 49.0
80 146 47.0
80 107 48.0
80 18 49.0
80 8 50.0
80 9 51.0
80 10 52.0
80 21 53.0
80 22 54.0
80 23 55.0
80 24 56.0
80 25 57.0
80 33 58.0
80 69 59.0
80 71 60.0
80 73 61.0
80 75 62.0
80 77 63.0
80 31 64.0
80 94 65.0
80 147 66.0
83 138 41.0
83 136 42.0
83 105 43.0
83 104 44.0
83 102 45.0
83 114 46.0
83 113 47.0
83 112 48.0
83 111 49.0
83 110 50.0
83 109 51.0
83 2 52.0
83 11 53.0
83 56 54.0
83 58 55.0
83 60 56.0
83 141 57.0
84 142 47.0
84 59 48.0
84 57 49.0
84 55 50.0
84 106 51.0
84 1 52.0
84 121 53.0
84 122 54.0
84 123 55.0
84 124 56.0
84 125 57.0
84 126 58.0
84 127 59.0
84 103 60.0
84 135 61.0
84 137 62.0
85 142 41.0
85 59 42.0
85 57 43.0
85 55 44.0
85 106 45.0
85 1 46.0
85 121 47.0
85 122 48.0
85 123 49.0
85 124 50.0
85 125 51.0
85 126 52.0
85 127 53.0
85 103 54.0
85 135 55.0
85 137 56.0
86 146 49.0
86 107 50.0
86 18 51.0
86 8 52.0
86 9 53.0
86 10 54.0
86 21 55.0
86 22 56.0
86 23 57.0
86 24 58.0
86 25 59.0
86 33 60.0
86 69 61.0
86 71 62.0
86 73 63.0
86 75 64.0
86 77 65.0
86 31 66.0
86 94 67.0
86 147 68.0
87 154 50.0
87 98 51.0
87 50 52.0
87 47 53.0
87 48 54.0
87 61 55.0
87 62 56.0
87 63 57.0
87 54 58.0
87 143 59.0
88 142 45.0
88 59 46.0
88 57 47.0
88 55 48.0
88 106 49.0
88 1 50.0
88 121 51.0
88 122 52.0
88 123 53.0
88 124 54.0
88 125 55.0
88 126 56.0
88 127 57.0
88 103 58.0
88 135 59.0
88 137 60.0
90 138 43.0
90 136 44.0
90 105 45.0
90 104 46.0
90 102 47.0
90 114 48.0
90 113 49.0
90 112 50.0
90 111 51.0
90 110 52.0
90 109 53.0
90 2 54.0
90 11 55.0
90 56 56.0
90 58 57.0
90 60 58.0
90 141 59.0
91 140 42.0
91 93 43.0
91 92 44.0
91 91 45.0
91 90 46.0
91 89 47.0
91 88 48.0
91 87 49.0
91 41 50.0
91 42 51.0
91 48 52.0
91 49 53.0
91 99 54.0
91 153 55.0
92 142 49.0
92 59 50.0
92 57 51.0
92 55 52.0
92 106 53.0
92 1 54.0
92 121 55.0
92 122 56.0
92 123 57.0
92 124 58.0
92 125 59.0
92 126 60.0
92 127 61.0
92 103 62.0
92 135 63.0
92 137 64.0
94 152 42.0
94 100 43.0
94 52 44.0
94 45 45.0
94 37 46.0
94 36 47.0
94 31 48.0
94 94 49.0
94 147 50.0
95 148 43.0
95 95 44.0
95 32 45.0
95 79 46.0
95 34 47.0
95 35 48.0
95 81 49.0
95 82 50.0
95 83 51.0
95 84 52.0
95 85 53.0
95 86 54.0
95 139 55.0
98 146 45.0
98 107 46.0
98 18 47.0
98 8 48.0
98 117 49.0
98 118 50.0
98 119 51.0
98 120 52.0
98 116 53.0
98 115 54.0
98 102 55.0
98 103 56.0
98 135 57.0
98 137 58.0
99 144 4
99 68 5.0
99 67 6.0
99 66 7.0
99 65 8.0
99 49 9.0
99 50 10.0
99 47 11.0
99 53 12.0
99 40 13.0
99 34 14.0
99 96 15.0
99 149 16.0
;
param tini := 2.350133977665391;
;
set inFlight:=
0
1
3
8
9
10
11
12
13
15
;
set passedF :=
0 144 68
0 68 67
0 67 66
0 66 65
0 65 49
0 49 50
0 50 47
0 47 53
0 53 40
0 40 34
0 34 96
0 96 149
1 146 107
1 107 18
1 18 8
1 8 9
1 9 10
1 10 21
1 21 22
1 22 23
1 23 24
1 24 25
1 25 33
1 33 69
1 69 71
1 71 73
1 73 75
1 75 77
1 77 31
1 31 94
1 94 147
3 150 97
3 97 35
3 35 41
3 41 40
3 40 80
3 80 38
3 38 43
3 43 44
3 44 51
3 51 101
3 101 151
8 154 98
8 98 50
8 50 47
8 47 48
8 48 61
8 61 62
8 62 63
8 63 54
8 54 143
9 152 100
9 100 52
9 52 45
9 45 37
9 37 36
9 36 31
9 31 94
9 94 147
10 142 59
10 59 57
10 57 55
10 55 106
10 106 1
10 1 121
10 121 122
10 122 123
10 123 124
10 124 125
10 125 126
10 126 127
10 127 103
10 103 135
10 135 137
11 154 98
11 98 50
11 50 47
11 47 53
11 53 40
11 40 34
11 34 35
11 35 81
11 81 82
11 82 83
11 83 84
11 84 85
11 85 86
11 86 139
12 146 107
12 107 18
12 18 8
12 8 117
12 117 118
12 118 119
12 119 120
12 120 116
12 116 115
12 115 102
12 102 103
12 103 135
12 135 137
13 138 136
13 136 105
13 105 104
13 104 102
13 102 114
13 114 113
13 113 112
13 112 111
13 111 110
13 110 109
13 109 2
13 2 11
13 11 56
13 56 58
13 58 60
13 60 141
15 138 136
15 136 105
15 105 104
15 104 102
15 102 114
15 114 113
15 113 112
15 112 111
15 111 110
15 110 109
15 109 2
15 2 11
15 11 56
15 56 58
15 58 60
15 60 141
;
set PathAP :=
99 144 68
99 68 67
99 67 66
99 66 65
99 65 49
99 49 50
99 50 47
99 47 53
99 53 40
99 40 34
99 34 96
99 96 149
;