param nf:= 30 ;
param nn:= 9 ;
param: E: d:=
 0 1 10
 0 3 10
 1 2 10
 1 4 10
 2 5 10
 3 4 10
 3 6 10
 4 5 10
 4 7 10
 5 8 10
 6 7 10
 7 8 10
 1 0 10
 3 0 10
 2 1 10
 4 1 10
 5 2 10
 4 3 10
 6 3 10
 5 4 10
 7 4 10
 8 5 10
 7 6 10
 8 7 10;
param s:=
0 5
1 6
2 1
3 1
4 0
5 3
6 1
7 6
8 3
9 8
10 0
11 3
12 6
13 3
14 8
15 4
16 2
17 1
18 8
19 1
20 5
21 8
22 0
23 7
24 6
25 7
26 4
27 2
28 1
29 8 ;
param e:=
0 2
1 0
2 8
3 5
4 8
5 0
6 6
7 1
8 1
9 6
10 1
11 0
12 0
13 0
14 2
15 6
16 8
17 4
18 2
19 3
20 1
21 1
22 3
23 8
24 5
25 5
26 3
27 3
28 4
29 7 ;
param v_min:=
0 0 1 1		0 0 3 1		0 1 2 1		0 1 4 1		0 2 5 1		0 3 4 1		0 3 6 1		0 4 5 1		0 4 7 1		0 5 8 1		0 6 7 1		0 7 8 1		0 1 0 1		0 3 0 1		0 2 1 1		0 4 1 1		0 5 2 1		0 4 3 1		0 6 3 1		0 5 4 1		0 7 4 1		0 8 5 1		0 7 6 1		0 8 7 1		
1 0 1 1		1 0 3 1		1 1 2 1		1 1 4 1		1 2 5 1		1 3 4 1		1 3 6 1		1 4 5 1		1 4 7 1		1 5 8 1		1 6 7 1		1 7 8 1		1 1 0 1		1 3 0 1		1 2 1 1		1 4 1 1		1 5 2 1		1 4 3 1		1 6 3 1		1 5 4 1		1 7 4 1		1 8 5 1		1 7 6 1		1 8 7 1		
2 0 1 1		2 0 3 1		2 1 2 1		2 1 4 1		2 2 5 1		2 3 4 1		2 3 6 1		2 4 5 1		2 4 7 1		2 5 8 1		2 6 7 1		2 7 8 1		2 1 0 1		2 3 0 1		2 2 1 1		2 4 1 1		2 5 2 1		2 4 3 1		2 6 3 1		2 5 4 1		2 7 4 1		2 8 5 1		2 7 6 1		2 8 7 1		
3 0 1 1		3 0 3 1		3 1 2 1		3 1 4 1		3 2 5 1		3 3 4 1		3 3 6 1		3 4 5 1		3 4 7 1		3 5 8 1		3 6 7 1		3 7 8 1		3 1 0 1		3 3 0 1		3 2 1 1		3 4 1 1		3 5 2 1		3 4 3 1		3 6 3 1		3 5 4 1		3 7 4 1		3 8 5 1		3 7 6 1		3 8 7 1		
4 0 1 1		4 0 3 1		4 1 2 1		4 1 4 1		4 2 5 1		4 3 4 1		4 3 6 1		4 4 5 1		4 4 7 1		4 5 8 1		4 6 7 1		4 7 8 1		4 1 0 1		4 3 0 1		4 2 1 1		4 4 1 1		4 5 2 1		4 4 3 1		4 6 3 1		4 5 4 1		4 7 4 1		4 8 5 1		4 7 6 1		4 8 7 1		
5 0 1 1		5 0 3 1		5 1 2 1		5 1 4 1		5 2 5 1		5 3 4 1		5 3 6 1		5 4 5 1		5 4 7 1		5 5 8 1		5 6 7 1		5 7 8 1		5 1 0 1		5 3 0 1		5 2 1 1		5 4 1 1		5 5 2 1		5 4 3 1		5 6 3 1		5 5 4 1		5 7 4 1		5 8 5 1		5 7 6 1		5 8 7 1		
6 0 1 1		6 0 3 1		6 1 2 1		6 1 4 1		6 2 5 1		6 3 4 1		6 3 6 1		6 4 5 1		6 4 7 1		6 5 8 1		6 6 7 1		6 7 8 1		6 1 0 1		6 3 0 1		6 2 1 1		6 4 1 1		6 5 2 1		6 4 3 1		6 6 3 1		6 5 4 1		6 7 4 1		6 8 5 1		6 7 6 1		6 8 7 1		
7 0 1 1		7 0 3 1		7 1 2 1		7 1 4 1		7 2 5 1		7 3 4 1		7 3 6 1		7 4 5 1		7 4 7 1		7 5 8 1		7 6 7 1		7 7 8 1		7 1 0 1		7 3 0 1		7 2 1 1		7 4 1 1		7 5 2 1		7 4 3 1		7 6 3 1		7 5 4 1		7 7 4 1		7 8 5 1		7 7 6 1		7 8 7 1		
8 0 1 1		8 0 3 1		8 1 2 1		8 1 4 1		8 2 5 1		8 3 4 1		8 3 6 1		8 4 5 1		8 4 7 1		8 5 8 1		8 6 7 1		8 7 8 1		8 1 0 1		8 3 0 1		8 2 1 1		8 4 1 1		8 5 2 1		8 4 3 1		8 6 3 1		8 5 4 1		8 7 4 1		8 8 5 1		8 7 6 1		8 8 7 1		
9 0 1 1		9 0 3 1		9 1 2 1		9 1 4 1		9 2 5 1		9 3 4 1		9 3 6 1		9 4 5 1		9 4 7 1		9 5 8 1		9 6 7 1		9 7 8 1		9 1 0 1		9 3 0 1		9 2 1 1		9 4 1 1		9 5 2 1		9 4 3 1		9 6 3 1		9 5 4 1		9 7 4 1		9 8 5 1		9 7 6 1		9 8 7 1		
10 0 1 1		10 0 3 1		10 1 2 1		10 1 4 1		10 2 5 1		10 3 4 1		10 3 6 1		10 4 5 1		10 4 7 1		10 5 8 1		10 6 7 1		10 7 8 1		10 1 0 1		10 3 0 1		10 2 1 1		10 4 1 1		10 5 2 1		10 4 3 1		10 6 3 1		10 5 4 1		10 7 4 1		10 8 5 1		10 7 6 1		10 8 7 1		
11 0 1 1		11 0 3 1		11 1 2 1		11 1 4 1		11 2 5 1		11 3 4 1		11 3 6 1		11 4 5 1		11 4 7 1		11 5 8 1		11 6 7 1		11 7 8 1		11 1 0 1		11 3 0 1		11 2 1 1		11 4 1 1		11 5 2 1		11 4 3 1		11 6 3 1		11 5 4 1		11 7 4 1		11 8 5 1		11 7 6 1		11 8 7 1		
12 0 1 1		12 0 3 1		12 1 2 1		12 1 4 1		12 2 5 1		12 3 4 1		12 3 6 1		12 4 5 1		12 4 7 1		12 5 8 1		12 6 7 1		12 7 8 1		12 1 0 1		12 3 0 1		12 2 1 1		12 4 1 1		12 5 2 1		12 4 3 1		12 6 3 1		12 5 4 1		12 7 4 1		12 8 5 1		12 7 6 1		12 8 7 1		
13 0 1 1		13 0 3 1		13 1 2 1		13 1 4 1		13 2 5 1		13 3 4 1		13 3 6 1		13 4 5 1		13 4 7 1		13 5 8 1		13 6 7 1		13 7 8 1		13 1 0 1		13 3 0 1		13 2 1 1		13 4 1 1		13 5 2 1		13 4 3 1		13 6 3 1		13 5 4 1		13 7 4 1		13 8 5 1		13 7 6 1		13 8 7 1		
14 0 1 1		14 0 3 1		14 1 2 1		14 1 4 1		14 2 5 1		14 3 4 1		14 3 6 1		14 4 5 1		14 4 7 1		14 5 8 1		14 6 7 1		14 7 8 1		14 1 0 1		14 3 0 1		14 2 1 1		14 4 1 1		14 5 2 1		14 4 3 1		14 6 3 1		14 5 4 1		14 7 4 1		14 8 5 1		14 7 6 1		14 8 7 1		
15 0 1 1		15 0 3 1		15 1 2 1		15 1 4 1		15 2 5 1		15 3 4 1		15 3 6 1		15 4 5 1		15 4 7 1		15 5 8 1		15 6 7 1		15 7 8 1		15 1 0 1		15 3 0 1		15 2 1 1		15 4 1 1		15 5 2 1		15 4 3 1		15 6 3 1		15 5 4 1		15 7 4 1		15 8 5 1		15 7 6 1		15 8 7 1		
16 0 1 1		16 0 3 1		16 1 2 1		16 1 4 1		16 2 5 1		16 3 4 1		16 3 6 1		16 4 5 1		16 4 7 1		16 5 8 1		16 6 7 1		16 7 8 1		16 1 0 1		16 3 0 1		16 2 1 1		16 4 1 1		16 5 2 1		16 4 3 1		16 6 3 1		16 5 4 1		16 7 4 1		16 8 5 1		16 7 6 1		16 8 7 1		
17 0 1 1		17 0 3 1		17 1 2 1		17 1 4 1		17 2 5 1		17 3 4 1		17 3 6 1		17 4 5 1		17 4 7 1		17 5 8 1		17 6 7 1		17 7 8 1		17 1 0 1		17 3 0 1		17 2 1 1		17 4 1 1		17 5 2 1		17 4 3 1		17 6 3 1		17 5 4 1		17 7 4 1		17 8 5 1		17 7 6 1		17 8 7 1		
18 0 1 1		18 0 3 1		18 1 2 1		18 1 4 1		18 2 5 1		18 3 4 1		18 3 6 1		18 4 5 1		18 4 7 1		18 5 8 1		18 6 7 1		18 7 8 1		18 1 0 1		18 3 0 1		18 2 1 1		18 4 1 1		18 5 2 1		18 4 3 1		18 6 3 1		18 5 4 1		18 7 4 1		18 8 5 1		18 7 6 1		18 8 7 1		
19 0 1 1		19 0 3 1		19 1 2 1		19 1 4 1		19 2 5 1		19 3 4 1		19 3 6 1		19 4 5 1		19 4 7 1		19 5 8 1		19 6 7 1		19 7 8 1		19 1 0 1		19 3 0 1		19 2 1 1		19 4 1 1		19 5 2 1		19 4 3 1		19 6 3 1		19 5 4 1		19 7 4 1		19 8 5 1		19 7 6 1		19 8 7 1		
20 0 1 1		20 0 3 1		20 1 2 1		20 1 4 1		20 2 5 1		20 3 4 1		20 3 6 1		20 4 5 1		20 4 7 1		20 5 8 1		20 6 7 1		20 7 8 1		20 1 0 1		20 3 0 1		20 2 1 1		20 4 1 1		20 5 2 1		20 4 3 1		20 6 3 1		20 5 4 1		20 7 4 1		20 8 5 1		20 7 6 1		20 8 7 1		
21 0 1 1		21 0 3 1		21 1 2 1		21 1 4 1		21 2 5 1		21 3 4 1		21 3 6 1		21 4 5 1		21 4 7 1		21 5 8 1		21 6 7 1		21 7 8 1		21 1 0 1		21 3 0 1		21 2 1 1		21 4 1 1		21 5 2 1		21 4 3 1		21 6 3 1		21 5 4 1		21 7 4 1		21 8 5 1		21 7 6 1		21 8 7 1		
22 0 1 1		22 0 3 1		22 1 2 1		22 1 4 1		22 2 5 1		22 3 4 1		22 3 6 1		22 4 5 1		22 4 7 1		22 5 8 1		22 6 7 1		22 7 8 1		22 1 0 1		22 3 0 1		22 2 1 1		22 4 1 1		22 5 2 1		22 4 3 1		22 6 3 1		22 5 4 1		22 7 4 1		22 8 5 1		22 7 6 1		22 8 7 1		
23 0 1 1		23 0 3 1		23 1 2 1		23 1 4 1		23 2 5 1		23 3 4 1		23 3 6 1		23 4 5 1		23 4 7 1		23 5 8 1		23 6 7 1		23 7 8 1		23 1 0 1		23 3 0 1		23 2 1 1		23 4 1 1		23 5 2 1		23 4 3 1		23 6 3 1		23 5 4 1		23 7 4 1		23 8 5 1		23 7 6 1		23 8 7 1		
24 0 1 1		24 0 3 1		24 1 2 1		24 1 4 1		24 2 5 1		24 3 4 1		24 3 6 1		24 4 5 1		24 4 7 1		24 5 8 1		24 6 7 1		24 7 8 1		24 1 0 1		24 3 0 1		24 2 1 1		24 4 1 1		24 5 2 1		24 4 3 1		24 6 3 1		24 5 4 1		24 7 4 1		24 8 5 1		24 7 6 1		24 8 7 1		
25 0 1 1		25 0 3 1		25 1 2 1		25 1 4 1		25 2 5 1		25 3 4 1		25 3 6 1		25 4 5 1		25 4 7 1		25 5 8 1		25 6 7 1		25 7 8 1		25 1 0 1		25 3 0 1		25 2 1 1		25 4 1 1		25 5 2 1		25 4 3 1		25 6 3 1		25 5 4 1		25 7 4 1		25 8 5 1		25 7 6 1		25 8 7 1		
26 0 1 1		26 0 3 1		26 1 2 1		26 1 4 1		26 2 5 1		26 3 4 1		26 3 6 1		26 4 5 1		26 4 7 1		26 5 8 1		26 6 7 1		26 7 8 1		26 1 0 1		26 3 0 1		26 2 1 1		26 4 1 1		26 5 2 1		26 4 3 1		26 6 3 1		26 5 4 1		26 7 4 1		26 8 5 1		26 7 6 1		26 8 7 1		
27 0 1 1		27 0 3 1		27 1 2 1		27 1 4 1		27 2 5 1		27 3 4 1		27 3 6 1		27 4 5 1		27 4 7 1		27 5 8 1		27 6 7 1		27 7 8 1		27 1 0 1		27 3 0 1		27 2 1 1		27 4 1 1		27 5 2 1		27 4 3 1		27 6 3 1		27 5 4 1		27 7 4 1		27 8 5 1		27 7 6 1		27 8 7 1		
28 0 1 1		28 0 3 1		28 1 2 1		28 1 4 1		28 2 5 1		28 3 4 1		28 3 6 1		28 4 5 1		28 4 7 1		28 5 8 1		28 6 7 1		28 7 8 1		28 1 0 1		28 3 0 1		28 2 1 1		28 4 1 1		28 5 2 1		28 4 3 1		28 6 3 1		28 5 4 1		28 7 4 1		28 8 5 1		28 7 6 1		28 8 7 1		
29 0 1 1		29 0 3 1		29 1 2 1		29 1 4 1		29 2 5 1		29 3 4 1		29 3 6 1		29 4 5 1		29 4 7 1		29 5 8 1		29 6 7 1		29 7 8 1		29 1 0 1		29 3 0 1		29 2 1 1		29 4 1 1		29 5 2 1		29 4 3 1		29 6 3 1		29 5 4 1		29 7 4 1		29 8 5 1		29 7 6 1		29 8 7 1		 ;
param v_max:=
0 0 1 2		0 0 3 2		0 1 2 2		0 1 4 2		0 2 5 2		0 3 4 2		0 3 6 2		0 4 5 2		0 4 7 2		0 5 8 2		0 6 7 2		0 7 8 2		0 1 0 2		0 3 0 2		0 2 1 2		0 4 1 2		0 5 2 2		0 4 3 2		0 6 3 2		0 5 4 2		0 7 4 2		0 8 5 2		0 7 6 2		0 8 7 2		
1 0 1 2		1 0 3 2		1 1 2 2		1 1 4 2		1 2 5 2		1 3 4 2		1 3 6 2		1 4 5 2		1 4 7 2		1 5 8 2		1 6 7 2		1 7 8 2		1 1 0 2		1 3 0 2		1 2 1 2		1 4 1 2		1 5 2 2		1 4 3 2		1 6 3 2		1 5 4 2		1 7 4 2		1 8 5 2		1 7 6 2		1 8 7 2		
2 0 1 2		2 0 3 2		2 1 2 2		2 1 4 2		2 2 5 2		2 3 4 2		2 3 6 2		2 4 5 2		2 4 7 2		2 5 8 2		2 6 7 2		2 7 8 2		2 1 0 2		2 3 0 2		2 2 1 2		2 4 1 2		2 5 2 2		2 4 3 2		2 6 3 2		2 5 4 2		2 7 4 2		2 8 5 2		2 7 6 2		2 8 7 2		
3 0 1 2		3 0 3 2		3 1 2 2		3 1 4 2		3 2 5 2		3 3 4 2		3 3 6 2		3 4 5 2		3 4 7 2		3 5 8 2		3 6 7 2		3 7 8 2		3 1 0 2		3 3 0 2		3 2 1 2		3 4 1 2		3 5 2 2		3 4 3 2		3 6 3 2		3 5 4 2		3 7 4 2		3 8 5 2		3 7 6 2		3 8 7 2		
4 0 1 2		4 0 3 2		4 1 2 2		4 1 4 2		4 2 5 2		4 3 4 2		4 3 6 2		4 4 5 2		4 4 7 2		4 5 8 2		4 6 7 2		4 7 8 2		4 1 0 2		4 3 0 2		4 2 1 2		4 4 1 2		4 5 2 2		4 4 3 2		4 6 3 2		4 5 4 2		4 7 4 2		4 8 5 2		4 7 6 2		4 8 7 2		
5 0 1 2		5 0 3 2		5 1 2 2		5 1 4 2		5 2 5 2		5 3 4 2		5 3 6 2		5 4 5 2		5 4 7 2		5 5 8 2		5 6 7 2		5 7 8 2		5 1 0 2		5 3 0 2		5 2 1 2		5 4 1 2		5 5 2 2		5 4 3 2		5 6 3 2		5 5 4 2		5 7 4 2		5 8 5 2		5 7 6 2		5 8 7 2		
6 0 1 2		6 0 3 2		6 1 2 2		6 1 4 2		6 2 5 2		6 3 4 2		6 3 6 2		6 4 5 2		6 4 7 2		6 5 8 2		6 6 7 2		6 7 8 2		6 1 0 2		6 3 0 2		6 2 1 2		6 4 1 2		6 5 2 2		6 4 3 2		6 6 3 2		6 5 4 2		6 7 4 2		6 8 5 2		6 7 6 2		6 8 7 2		
7 0 1 2		7 0 3 2		7 1 2 2		7 1 4 2		7 2 5 2		7 3 4 2		7 3 6 2		7 4 5 2		7 4 7 2		7 5 8 2		7 6 7 2		7 7 8 2		7 1 0 2		7 3 0 2		7 2 1 2		7 4 1 2		7 5 2 2		7 4 3 2		7 6 3 2		7 5 4 2		7 7 4 2		7 8 5 2		7 7 6 2		7 8 7 2		
8 0 1 2		8 0 3 2		8 1 2 2		8 1 4 2		8 2 5 2		8 3 4 2		8 3 6 2		8 4 5 2		8 4 7 2		8 5 8 2		8 6 7 2		8 7 8 2		8 1 0 2		8 3 0 2		8 2 1 2		8 4 1 2		8 5 2 2		8 4 3 2		8 6 3 2		8 5 4 2		8 7 4 2		8 8 5 2		8 7 6 2		8 8 7 2		
9 0 1 2		9 0 3 2		9 1 2 2		9 1 4 2		9 2 5 2		9 3 4 2		9 3 6 2		9 4 5 2		9 4 7 2		9 5 8 2		9 6 7 2		9 7 8 2		9 1 0 2		9 3 0 2		9 2 1 2		9 4 1 2		9 5 2 2		9 4 3 2		9 6 3 2		9 5 4 2		9 7 4 2		9 8 5 2		9 7 6 2		9 8 7 2		
10 0 1 2		10 0 3 2		10 1 2 2		10 1 4 2		10 2 5 2		10 3 4 2		10 3 6 2		10 4 5 2		10 4 7 2		10 5 8 2		10 6 7 2		10 7 8 2		10 1 0 2		10 3 0 2		10 2 1 2		10 4 1 2		10 5 2 2		10 4 3 2		10 6 3 2		10 5 4 2		10 7 4 2		10 8 5 2		10 7 6 2		10 8 7 2		
11 0 1 2		11 0 3 2		11 1 2 2		11 1 4 2		11 2 5 2		11 3 4 2		11 3 6 2		11 4 5 2		11 4 7 2		11 5 8 2		11 6 7 2		11 7 8 2		11 1 0 2		11 3 0 2		11 2 1 2		11 4 1 2		11 5 2 2		11 4 3 2		11 6 3 2		11 5 4 2		11 7 4 2		11 8 5 2		11 7 6 2		11 8 7 2		
12 0 1 2		12 0 3 2		12 1 2 2		12 1 4 2		12 2 5 2		12 3 4 2		12 3 6 2		12 4 5 2		12 4 7 2		12 5 8 2		12 6 7 2		12 7 8 2		12 1 0 2		12 3 0 2		12 2 1 2		12 4 1 2		12 5 2 2		12 4 3 2		12 6 3 2		12 5 4 2		12 7 4 2		12 8 5 2		12 7 6 2		12 8 7 2		
13 0 1 2		13 0 3 2		13 1 2 2		13 1 4 2		13 2 5 2		13 3 4 2		13 3 6 2		13 4 5 2		13 4 7 2		13 5 8 2		13 6 7 2		13 7 8 2		13 1 0 2		13 3 0 2		13 2 1 2		13 4 1 2		13 5 2 2		13 4 3 2		13 6 3 2		13 5 4 2		13 7 4 2		13 8 5 2		13 7 6 2		13 8 7 2		
14 0 1 2		14 0 3 2		14 1 2 2		14 1 4 2		14 2 5 2		14 3 4 2		14 3 6 2		14 4 5 2		14 4 7 2		14 5 8 2		14 6 7 2		14 7 8 2		14 1 0 2		14 3 0 2		14 2 1 2		14 4 1 2		14 5 2 2		14 4 3 2		14 6 3 2		14 5 4 2		14 7 4 2		14 8 5 2		14 7 6 2		14 8 7 2		
15 0 1 2		15 0 3 2		15 1 2 2		15 1 4 2		15 2 5 2		15 3 4 2		15 3 6 2		15 4 5 2		15 4 7 2		15 5 8 2		15 6 7 2		15 7 8 2		15 1 0 2		15 3 0 2		15 2 1 2		15 4 1 2		15 5 2 2		15 4 3 2		15 6 3 2		15 5 4 2		15 7 4 2		15 8 5 2		15 7 6 2		15 8 7 2		
16 0 1 2		16 0 3 2		16 1 2 2		16 1 4 2		16 2 5 2		16 3 4 2		16 3 6 2		16 4 5 2		16 4 7 2		16 5 8 2		16 6 7 2		16 7 8 2		16 1 0 2		16 3 0 2		16 2 1 2		16 4 1 2		16 5 2 2		16 4 3 2		16 6 3 2		16 5 4 2		16 7 4 2		16 8 5 2		16 7 6 2		16 8 7 2		
17 0 1 2		17 0 3 2		17 1 2 2		17 1 4 2		17 2 5 2		17 3 4 2		17 3 6 2		17 4 5 2		17 4 7 2		17 5 8 2		17 6 7 2		17 7 8 2		17 1 0 2		17 3 0 2		17 2 1 2		17 4 1 2		17 5 2 2		17 4 3 2		17 6 3 2		17 5 4 2		17 7 4 2		17 8 5 2		17 7 6 2		17 8 7 2		
18 0 1 2		18 0 3 2		18 1 2 2		18 1 4 2		18 2 5 2		18 3 4 2		18 3 6 2		18 4 5 2		18 4 7 2		18 5 8 2		18 6 7 2		18 7 8 2		18 1 0 2		18 3 0 2		18 2 1 2		18 4 1 2		18 5 2 2		18 4 3 2		18 6 3 2		18 5 4 2		18 7 4 2		18 8 5 2		18 7 6 2		18 8 7 2		
19 0 1 2		19 0 3 2		19 1 2 2		19 1 4 2		19 2 5 2		19 3 4 2		19 3 6 2		19 4 5 2		19 4 7 2		19 5 8 2		19 6 7 2		19 7 8 2		19 1 0 2		19 3 0 2		19 2 1 2		19 4 1 2		19 5 2 2		19 4 3 2		19 6 3 2		19 5 4 2		19 7 4 2		19 8 5 2		19 7 6 2		19 8 7 2		
20 0 1 2		20 0 3 2		20 1 2 2		20 1 4 2		20 2 5 2		20 3 4 2		20 3 6 2		20 4 5 2		20 4 7 2		20 5 8 2		20 6 7 2		20 7 8 2		20 1 0 2		20 3 0 2		20 2 1 2		20 4 1 2		20 5 2 2		20 4 3 2		20 6 3 2		20 5 4 2		20 7 4 2		20 8 5 2		20 7 6 2		20 8 7 2		
21 0 1 2		21 0 3 2		21 1 2 2		21 1 4 2		21 2 5 2		21 3 4 2		21 3 6 2		21 4 5 2		21 4 7 2		21 5 8 2		21 6 7 2		21 7 8 2		21 1 0 2		21 3 0 2		21 2 1 2		21 4 1 2		21 5 2 2		21 4 3 2		21 6 3 2		21 5 4 2		21 7 4 2		21 8 5 2		21 7 6 2		21 8 7 2		
22 0 1 2		22 0 3 2		22 1 2 2		22 1 4 2		22 2 5 2		22 3 4 2		22 3 6 2		22 4 5 2		22 4 7 2		22 5 8 2		22 6 7 2		22 7 8 2		22 1 0 2		22 3 0 2		22 2 1 2		22 4 1 2		22 5 2 2		22 4 3 2		22 6 3 2		22 5 4 2		22 7 4 2		22 8 5 2		22 7 6 2		22 8 7 2		
23 0 1 2		23 0 3 2		23 1 2 2		23 1 4 2		23 2 5 2		23 3 4 2		23 3 6 2		23 4 5 2		23 4 7 2		23 5 8 2		23 6 7 2		23 7 8 2		23 1 0 2		23 3 0 2		23 2 1 2		23 4 1 2		23 5 2 2		23 4 3 2		23 6 3 2		23 5 4 2		23 7 4 2		23 8 5 2		23 7 6 2		23 8 7 2		
24 0 1 2		24 0 3 2		24 1 2 2		24 1 4 2		24 2 5 2		24 3 4 2		24 3 6 2		24 4 5 2		24 4 7 2		24 5 8 2		24 6 7 2		24 7 8 2		24 1 0 2		24 3 0 2		24 2 1 2		24 4 1 2		24 5 2 2		24 4 3 2		24 6 3 2		24 5 4 2		24 7 4 2		24 8 5 2		24 7 6 2		24 8 7 2		
25 0 1 2		25 0 3 2		25 1 2 2		25 1 4 2		25 2 5 2		25 3 4 2		25 3 6 2		25 4 5 2		25 4 7 2		25 5 8 2		25 6 7 2		25 7 8 2		25 1 0 2		25 3 0 2		25 2 1 2		25 4 1 2		25 5 2 2		25 4 3 2		25 6 3 2		25 5 4 2		25 7 4 2		25 8 5 2		25 7 6 2		25 8 7 2		
26 0 1 2		26 0 3 2		26 1 2 2		26 1 4 2		26 2 5 2		26 3 4 2		26 3 6 2		26 4 5 2		26 4 7 2		26 5 8 2		26 6 7 2		26 7 8 2		26 1 0 2		26 3 0 2		26 2 1 2		26 4 1 2		26 5 2 2		26 4 3 2		26 6 3 2		26 5 4 2		26 7 4 2		26 8 5 2		26 7 6 2		26 8 7 2		
27 0 1 2		27 0 3 2		27 1 2 2		27 1 4 2		27 2 5 2		27 3 4 2		27 3 6 2		27 4 5 2		27 4 7 2		27 5 8 2		27 6 7 2		27 7 8 2		27 1 0 2		27 3 0 2		27 2 1 2		27 4 1 2		27 5 2 2		27 4 3 2		27 6 3 2		27 5 4 2		27 7 4 2		27 8 5 2		27 7 6 2		27 8 7 2		
28 0 1 2		28 0 3 2		28 1 2 2		28 1 4 2		28 2 5 2		28 3 4 2		28 3 6 2		28 4 5 2		28 4 7 2		28 5 8 2		28 6 7 2		28 7 8 2		28 1 0 2		28 3 0 2		28 2 1 2		28 4 1 2		28 5 2 2		28 4 3 2		28 6 3 2		28 5 4 2		28 7 4 2		28 8 5 2		28 7 6 2		28 8 7 2		
29 0 1 2		29 0 3 2		29 1 2 2		29 1 4 2		29 2 5 2		29 3 4 2		29 3 6 2		29 4 5 2		29 4 7 2		29 5 8 2		29 6 7 2		29 7 8 2		29 1 0 2		29 3 0 2		29 2 1 2		29 4 1 2		29 5 2 2		29 4 3 2		29 6 3 2		29 5 4 2		29 7 4 2		29 8 5 2		29 7 6 2		29 8 7 2		 ;
param angleM:=
1 0 2 1		1 0 4 1		
3 0 4 1		3 0 6 1		
2 1 5 1		
4 1 3 1		4 1 5 1		4 1 7 1		
5 2 4 1		5 2 8 1		
4 3 1 1		4 3 5 1		4 3 7 1		
6 3 7 1		
5 4 2 1		5 4 8 1		
7 4 6 1		7 4 8 1		
8 5 7 1		
7 6 4 1		7 6 8 1		
8 7 5 1		
0 1 3 1		
0 3 1 1		
1 2 0 1		1 2 4 1		
1 4 0 1		1 4 2 1		
2 5 1 1		
3 4 0 1		3 4 6 1		
3 6 0 1		3 6 4 1		
4 5 1 1		4 5 3 1		4 5 7 1		
4 7 1 1		4 7 3 1		4 7 5 1		
5 8 2 1		5 8 4 1		
6 7 3 1		
7 8 4 1		7 8 6 1		;
param angleP:=
0 1 3 1		
0 3 1 1		
1 2 4 1		1 2 0 1		
1 4 2 1		1 4 0 1		
2 5 1 1		
3 4 6 1		3 4 0 1		
3 6 4 1		3 6 0 1		
4 5 7 1		4 5 1 1		4 5 3 1		
4 7 5 1		4 7 1 1		4 7 3 1		
5 8 2 1		5 8 4 1		
6 7 3 1		
7 8 4 1		7 8 6 1		
1 0 2 1		1 0 4 1		
3 0 4 1		3 0 6 1		
2 1 5 1		
4 1 5 1		4 1 7 1		4 1 3 1		
5 2 8 1		5 2 4 1		
4 3 5 1		4 3 7 1		4 3 1 1		
6 3 7 1		
5 4 8 1		5 4 2 1		
7 4 8 1		7 4 6 1		
8 5 7 1		
7 6 8 1		7 6 4 1		
8 7 5 1		;
param anglePM:=
0 1 3 1		
0 3 1 1		
1 2 0 1		1 2 4 1		
1 4 0 1		1 4 2 1		
2 5 1 1		
3 4 0 1		3 4 6 1		
3 6 0 1		3 6 4 1		
4 5 1 1		4 5 3 1		4 5 7 1		
4 7 1 1		4 7 3 1		4 7 5 1		
5 8 2 1		5 8 4 1		
6 7 3 1		
7 8 4 1		7 8 6 1		
1 0 2 1		1 0 4 1		
3 0 4 1		3 0 6 1		
2 1 5 1		
4 1 3 1		4 1 5 1		4 1 7 1		
5 2 4 1		5 2 8 1		
4 3 1 1		4 3 5 1		4 3 7 1		
6 3 7 1		
5 4 2 1		5 4 8 1		
7 4 6 1		7 4 8 1		
8 5 7 1		
7 6 4 1		7 6 8 1		
8 7 5 1		
;
param D:=2 ;
param t_hat_ear: 0 1 2 3 4 5 6 7 8 :=
0 0 0 0 0 0 0 0 0 0
1 0 0 0 0 0 0 0 0 0
2 0 0 0 0 0 0 0 0 0
3 0 0 0 0 0 0 0 0 0
4 0 0 0 0 0 0 0 0 0
5 0 0 0 0 0 0 0 0 0
6 10 10 10 10 10 10 10 10 10
7 10 10 10 10 10 10 10 10 10
8 10 10 10 10 10 10 10 10 10
9 10 10 10 10 10 10 10 10 10
10 10 10 10 10 10 10 10 10 10
11 10 10 10 10 10 10 10 10 10
12 20 20 20 20 20 20 20 20 20
13 20 20 20 20 20 20 20 20 20
14 20 20 20 20 20 20 20 20 20
15 20 20 20 20 20 20 20 20 20
16 20 20 20 20 20 20 20 20 20
17 20 20 20 20 20 20 20 20 20
18 30 30 30 30 30 30 30 30 30
19 30 30 30 30 30 30 30 30 30
20 30 30 30 30 30 30 30 30 30
21 30 30 30 30 30 30 30 30 30
22 30 30 30 30 30 30 30 30 30
23 30 30 30 30 30 30 30 30 30
24 40 40 40 40 40 40 40 40 40
25 40 40 40 40 40 40 40 40 40
26 40 40 40 40 40 40 40 40 40
27 40 40 40 40 40 40 40 40 40
28 40 40 40 40 40 40 40 40 40
29 40 40 40 40 40 40 40 40 40;
param t_hat_lat: 0 1 2 3 4 5 6 7 8 :=
0 2 2 2 2 2 2 2 2 2
1 2 2 2 2 2 2 2 2 2
2 2 2 2 2 2 2 2 2 2
3 2 2 2 2 2 2 2 2 2
4 2 2 2 2 2 2 2 2 2
5 2 2 2 2 2 2 2 2 2
6 12 12 12 12 12 12 12 12 12
7 12 12 12 12 12 12 12 12 12
8 12 12 12 12 12 12 12 12 12
9 12 12 12 12 12 12 12 12 12
10 12 12 12 12 12 12 12 12 12
11 12 12 12 12 12 12 12 12 12
12 22 22 22 22 22 22 22 22 22
13 22 22 22 22 22 22 22 22 22
14 22 22 22 22 22 22 22 22 22
15 22 22 22 22 22 22 22 22 22
16 22 22 22 22 22 22 22 22 22
17 22 22 22 22 22 22 22 22 22
18 32 32 32 32 32 32 32 32 32
19 32 32 32 32 32 32 32 32 32
20 32 32 32 32 32 32 32 32 32
21 32 32 32 32 32 32 32 32 32
22 32 32 32 32 32 32 32 32 32
23 32 32 32 32 32 32 32 32 32
24 42 42 42 42 42 42 42 42 42
25 42 42 42 42 42 42 42 42 42
26 42 42 42 42 42 42 42 42 42
27 42 42 42 42 42 42 42 42 42
28 42 42 42 42 42 42 42 42 42
29 42 42 42 42 42 42 42 42 42 ;
