param nf:= 15 ;
param nn:= 25 ;
param: E: d:=
 0 24 10
 0 1 10
 1 24 10
 1 2 10
 2 24 10
 2 3 10
 3 24 10
 3 4 10
 4 24 10
 4 5 10
 5 24 10
 5 6 10
 6 24 10
 6 7 10
 7 24 10
 7 8 10
 8 24 10
 8 9 10
 9 24 10
 9 10 10
 10 24 10
 10 11 10
 11 24 10
 11 12 10
 12 24 10
 12 13 10
 13 24 10
 13 14 10
 14 24 10
 14 15 10
 15 24 10
 15 16 10
 16 24 10
 16 17 10
 17 24 10
 17 18 10
 18 24 10
 18 19 10
 19 24 10
 19 20 10
 20 24 10
 20 21 10
 21 24 10
 21 22 10
 22 24 10
 22 23 10
 23 24 10
 23 0 10
 24 0 10
 1 0 10
 24 1 10
 2 1 10
 24 2 10
 3 2 10
 24 3 10
 4 3 10
 24 4 10
 5 4 10
 24 5 10
 6 5 10
 24 6 10
 7 6 10
 24 7 10
 8 7 10
 24 8 10
 9 8 10
 24 9 10
 10 9 10
 24 10 10
 11 10 10
 24 11 10
 12 11 10
 24 12 10
 13 12 10
 24 13 10
 14 13 10
 24 14 10
 15 14 10
 24 15 10
 16 15 10
 24 16 10
 17 16 10
 24 17 10
 18 17 10
 24 18 10
 19 18 10
 24 19 10
 20 19 10
 24 20 10
 21 20 10
 24 21 10
 22 21 10
 24 22 10
 23 22 10
 24 23 10
 0 23 10;
param s:=
0 12
1 13
2 8
3 15
4 9
5 11
6 6
7 4
8 4
9 3
10 8
11 22
12 4
13 3
14 2 ;
param e:=
0 24
1 1
2 16
3 12
4 15
5 18
6 16
7 9
8 24
9 19
10 17
11 19
12 9
13 23
14 21 ;
param v_min:=
0 0 24 1		0 0 1 1		0 1 24 1		0 1 2 1		0 2 24 1		0 2 3 1		0 3 24 1		0 3 4 1		0 4 24 1		0 4 5 1		0 5 24 1		0 5 6 1		0 6 24 1		0 6 7 1		0 7 24 1		0 7 8 1		0 8 24 1		0 8 9 1		0 9 24 1		0 9 10 1		0 10 24 1		0 10 11 1		0 11 24 1		0 11 12 1		0 12 24 1		0 12 13 1		0 13 24 1		0 13 14 1		0 14 24 1		0 14 15 1		0 15 24 1		0 15 16 1		0 16 24 1		0 16 17 1		0 17 24 1		0 17 18 1		0 18 24 1		0 18 19 1		0 19 24 1		0 19 20 1		0 20 24 1		0 20 21 1		0 21 24 1		0 21 22 1		0 22 24 1		0 22 23 1		0 23 24 1		0 23 0 1		0 24 0 1		0 1 0 1		0 24 1 1		0 2 1 1		0 24 2 1		0 3 2 1		0 24 3 1		0 4 3 1		0 24 4 1		0 5 4 1		0 24 5 1		0 6 5 1		0 24 6 1		0 7 6 1		0 24 7 1		0 8 7 1		0 24 8 1		0 9 8 1		0 24 9 1		0 10 9 1		0 24 10 1		0 11 10 1		0 24 11 1		0 12 11 1		0 24 12 1		0 13 12 1		0 24 13 1		0 14 13 1		0 24 14 1		0 15 14 1		0 24 15 1		0 16 15 1		0 24 16 1		0 17 16 1		0 24 17 1		0 18 17 1		0 24 18 1		0 19 18 1		0 24 19 1		0 20 19 1		0 24 20 1		0 21 20 1		0 24 21 1		0 22 21 1		0 24 22 1		0 23 22 1		0 24 23 1		0 0 23 1		
1 0 24 1		1 0 1 1		1 1 24 1		1 1 2 1		1 2 24 1		1 2 3 1		1 3 24 1		1 3 4 1		1 4 24 1		1 4 5 1		1 5 24 1		1 5 6 1		1 6 24 1		1 6 7 1		1 7 24 1		1 7 8 1		1 8 24 1		1 8 9 1		1 9 24 1		1 9 10 1		1 10 24 1		1 10 11 1		1 11 24 1		1 11 12 1		1 12 24 1		1 12 13 1		1 13 24 1		1 13 14 1		1 14 24 1		1 14 15 1		1 15 24 1		1 15 16 1		1 16 24 1		1 16 17 1		1 17 24 1		1 17 18 1		1 18 24 1		1 18 19 1		1 19 24 1		1 19 20 1		1 20 24 1		1 20 21 1		1 21 24 1		1 21 22 1		1 22 24 1		1 22 23 1		1 23 24 1		1 23 0 1		1 24 0 1		1 1 0 1		1 24 1 1		1 2 1 1		1 24 2 1		1 3 2 1		1 24 3 1		1 4 3 1		1 24 4 1		1 5 4 1		1 24 5 1		1 6 5 1		1 24 6 1		1 7 6 1		1 24 7 1		1 8 7 1		1 24 8 1		1 9 8 1		1 24 9 1		1 10 9 1		1 24 10 1		1 11 10 1		1 24 11 1		1 12 11 1		1 24 12 1		1 13 12 1		1 24 13 1		1 14 13 1		1 24 14 1		1 15 14 1		1 24 15 1		1 16 15 1		1 24 16 1		1 17 16 1		1 24 17 1		1 18 17 1		1 24 18 1		1 19 18 1		1 24 19 1		1 20 19 1		1 24 20 1		1 21 20 1		1 24 21 1		1 22 21 1		1 24 22 1		1 23 22 1		1 24 23 1		1 0 23 1		
2 0 24 1		2 0 1 1		2 1 24 1		2 1 2 1		2 2 24 1		2 2 3 1		2 3 24 1		2 3 4 1		2 4 24 1		2 4 5 1		2 5 24 1		2 5 6 1		2 6 24 1		2 6 7 1		2 7 24 1		2 7 8 1		2 8 24 1		2 8 9 1		2 9 24 1		2 9 10 1		2 10 24 1		2 10 11 1		2 11 24 1		2 11 12 1		2 12 24 1		2 12 13 1		2 13 24 1		2 13 14 1		2 14 24 1		2 14 15 1		2 15 24 1		2 15 16 1		2 16 24 1		2 16 17 1		2 17 24 1		2 17 18 1		2 18 24 1		2 18 19 1		2 19 24 1		2 19 20 1		2 20 24 1		2 20 21 1		2 21 24 1		2 21 22 1		2 22 24 1		2 22 23 1		2 23 24 1		2 23 0 1		2 24 0 1		2 1 0 1		2 24 1 1		2 2 1 1		2 24 2 1		2 3 2 1		2 24 3 1		2 4 3 1		2 24 4 1		2 5 4 1		2 24 5 1		2 6 5 1		2 24 6 1		2 7 6 1		2 24 7 1		2 8 7 1		2 24 8 1		2 9 8 1		2 24 9 1		2 10 9 1		2 24 10 1		2 11 10 1		2 24 11 1		2 12 11 1		2 24 12 1		2 13 12 1		2 24 13 1		2 14 13 1		2 24 14 1		2 15 14 1		2 24 15 1		2 16 15 1		2 24 16 1		2 17 16 1		2 24 17 1		2 18 17 1		2 24 18 1		2 19 18 1		2 24 19 1		2 20 19 1		2 24 20 1		2 21 20 1		2 24 21 1		2 22 21 1		2 24 22 1		2 23 22 1		2 24 23 1		2 0 23 1		
3 0 24 1		3 0 1 1		3 1 24 1		3 1 2 1		3 2 24 1		3 2 3 1		3 3 24 1		3 3 4 1		3 4 24 1		3 4 5 1		3 5 24 1		3 5 6 1		3 6 24 1		3 6 7 1		3 7 24 1		3 7 8 1		3 8 24 1		3 8 9 1		3 9 24 1		3 9 10 1		3 10 24 1		3 10 11 1		3 11 24 1		3 11 12 1		3 12 24 1		3 12 13 1		3 13 24 1		3 13 14 1		3 14 24 1		3 14 15 1		3 15 24 1		3 15 16 1		3 16 24 1		3 16 17 1		3 17 24 1		3 17 18 1		3 18 24 1		3 18 19 1		3 19 24 1		3 19 20 1		3 20 24 1		3 20 21 1		3 21 24 1		3 21 22 1		3 22 24 1		3 22 23 1		3 23 24 1		3 23 0 1		3 24 0 1		3 1 0 1		3 24 1 1		3 2 1 1		3 24 2 1		3 3 2 1		3 24 3 1		3 4 3 1		3 24 4 1		3 5 4 1		3 24 5 1		3 6 5 1		3 24 6 1		3 7 6 1		3 24 7 1		3 8 7 1		3 24 8 1		3 9 8 1		3 24 9 1		3 10 9 1		3 24 10 1		3 11 10 1		3 24 11 1		3 12 11 1		3 24 12 1		3 13 12 1		3 24 13 1		3 14 13 1		3 24 14 1		3 15 14 1		3 24 15 1		3 16 15 1		3 24 16 1		3 17 16 1		3 24 17 1		3 18 17 1		3 24 18 1		3 19 18 1		3 24 19 1		3 20 19 1		3 24 20 1		3 21 20 1		3 24 21 1		3 22 21 1		3 24 22 1		3 23 22 1		3 24 23 1		3 0 23 1		
4 0 24 1		4 0 1 1		4 1 24 1		4 1 2 1		4 2 24 1		4 2 3 1		4 3 24 1		4 3 4 1		4 4 24 1		4 4 5 1		4 5 24 1		4 5 6 1		4 6 24 1		4 6 7 1		4 7 24 1		4 7 8 1		4 8 24 1		4 8 9 1		4 9 24 1		4 9 10 1		4 10 24 1		4 10 11 1		4 11 24 1		4 11 12 1		4 12 24 1		4 12 13 1		4 13 24 1		4 13 14 1		4 14 24 1		4 14 15 1		4 15 24 1		4 15 16 1		4 16 24 1		4 16 17 1		4 17 24 1		4 17 18 1		4 18 24 1		4 18 19 1		4 19 24 1		4 19 20 1		4 20 24 1		4 20 21 1		4 21 24 1		4 21 22 1		4 22 24 1		4 22 23 1		4 23 24 1		4 23 0 1		4 24 0 1		4 1 0 1		4 24 1 1		4 2 1 1		4 24 2 1		4 3 2 1		4 24 3 1		4 4 3 1		4 24 4 1		4 5 4 1		4 24 5 1		4 6 5 1		4 24 6 1		4 7 6 1		4 24 7 1		4 8 7 1		4 24 8 1		4 9 8 1		4 24 9 1		4 10 9 1		4 24 10 1		4 11 10 1		4 24 11 1		4 12 11 1		4 24 12 1		4 13 12 1		4 24 13 1		4 14 13 1		4 24 14 1		4 15 14 1		4 24 15 1		4 16 15 1		4 24 16 1		4 17 16 1		4 24 17 1		4 18 17 1		4 24 18 1		4 19 18 1		4 24 19 1		4 20 19 1		4 24 20 1		4 21 20 1		4 24 21 1		4 22 21 1		4 24 22 1		4 23 22 1		4 24 23 1		4 0 23 1		
5 0 24 1		5 0 1 1		5 1 24 1		5 1 2 1		5 2 24 1		5 2 3 1		5 3 24 1		5 3 4 1		5 4 24 1		5 4 5 1		5 5 24 1		5 5 6 1		5 6 24 1		5 6 7 1		5 7 24 1		5 7 8 1		5 8 24 1		5 8 9 1		5 9 24 1		5 9 10 1		5 10 24 1		5 10 11 1		5 11 24 1		5 11 12 1		5 12 24 1		5 12 13 1		5 13 24 1		5 13 14 1		5 14 24 1		5 14 15 1		5 15 24 1		5 15 16 1		5 16 24 1		5 16 17 1		5 17 24 1		5 17 18 1		5 18 24 1		5 18 19 1		5 19 24 1		5 19 20 1		5 20 24 1		5 20 21 1		5 21 24 1		5 21 22 1		5 22 24 1		5 22 23 1		5 23 24 1		5 23 0 1		5 24 0 1		5 1 0 1		5 24 1 1		5 2 1 1		5 24 2 1		5 3 2 1		5 24 3 1		5 4 3 1		5 24 4 1		5 5 4 1		5 24 5 1		5 6 5 1		5 24 6 1		5 7 6 1		5 24 7 1		5 8 7 1		5 24 8 1		5 9 8 1		5 24 9 1		5 10 9 1		5 24 10 1		5 11 10 1		5 24 11 1		5 12 11 1		5 24 12 1		5 13 12 1		5 24 13 1		5 14 13 1		5 24 14 1		5 15 14 1		5 24 15 1		5 16 15 1		5 24 16 1		5 17 16 1		5 24 17 1		5 18 17 1		5 24 18 1		5 19 18 1		5 24 19 1		5 20 19 1		5 24 20 1		5 21 20 1		5 24 21 1		5 22 21 1		5 24 22 1		5 23 22 1		5 24 23 1		5 0 23 1		
6 0 24 1		6 0 1 1		6 1 24 1		6 1 2 1		6 2 24 1		6 2 3 1		6 3 24 1		6 3 4 1		6 4 24 1		6 4 5 1		6 5 24 1		6 5 6 1		6 6 24 1		6 6 7 1		6 7 24 1		6 7 8 1		6 8 24 1		6 8 9 1		6 9 24 1		6 9 10 1		6 10 24 1		6 10 11 1		6 11 24 1		6 11 12 1		6 12 24 1		6 12 13 1		6 13 24 1		6 13 14 1		6 14 24 1		6 14 15 1		6 15 24 1		6 15 16 1		6 16 24 1		6 16 17 1		6 17 24 1		6 17 18 1		6 18 24 1		6 18 19 1		6 19 24 1		6 19 20 1		6 20 24 1		6 20 21 1		6 21 24 1		6 21 22 1		6 22 24 1		6 22 23 1		6 23 24 1		6 23 0 1		6 24 0 1		6 1 0 1		6 24 1 1		6 2 1 1		6 24 2 1		6 3 2 1		6 24 3 1		6 4 3 1		6 24 4 1		6 5 4 1		6 24 5 1		6 6 5 1		6 24 6 1		6 7 6 1		6 24 7 1		6 8 7 1		6 24 8 1		6 9 8 1		6 24 9 1		6 10 9 1		6 24 10 1		6 11 10 1		6 24 11 1		6 12 11 1		6 24 12 1		6 13 12 1		6 24 13 1		6 14 13 1		6 24 14 1		6 15 14 1		6 24 15 1		6 16 15 1		6 24 16 1		6 17 16 1		6 24 17 1		6 18 17 1		6 24 18 1		6 19 18 1		6 24 19 1		6 20 19 1		6 24 20 1		6 21 20 1		6 24 21 1		6 22 21 1		6 24 22 1		6 23 22 1		6 24 23 1		6 0 23 1		
7 0 24 1		7 0 1 1		7 1 24 1		7 1 2 1		7 2 24 1		7 2 3 1		7 3 24 1		7 3 4 1		7 4 24 1		7 4 5 1		7 5 24 1		7 5 6 1		7 6 24 1		7 6 7 1		7 7 24 1		7 7 8 1		7 8 24 1		7 8 9 1		7 9 24 1		7 9 10 1		7 10 24 1		7 10 11 1		7 11 24 1		7 11 12 1		7 12 24 1		7 12 13 1		7 13 24 1		7 13 14 1		7 14 24 1		7 14 15 1		7 15 24 1		7 15 16 1		7 16 24 1		7 16 17 1		7 17 24 1		7 17 18 1		7 18 24 1		7 18 19 1		7 19 24 1		7 19 20 1		7 20 24 1		7 20 21 1		7 21 24 1		7 21 22 1		7 22 24 1		7 22 23 1		7 23 24 1		7 23 0 1		7 24 0 1		7 1 0 1		7 24 1 1		7 2 1 1		7 24 2 1		7 3 2 1		7 24 3 1		7 4 3 1		7 24 4 1		7 5 4 1		7 24 5 1		7 6 5 1		7 24 6 1		7 7 6 1		7 24 7 1		7 8 7 1		7 24 8 1		7 9 8 1		7 24 9 1		7 10 9 1		7 24 10 1		7 11 10 1		7 24 11 1		7 12 11 1		7 24 12 1		7 13 12 1		7 24 13 1		7 14 13 1		7 24 14 1		7 15 14 1		7 24 15 1		7 16 15 1		7 24 16 1		7 17 16 1		7 24 17 1		7 18 17 1		7 24 18 1		7 19 18 1		7 24 19 1		7 20 19 1		7 24 20 1		7 21 20 1		7 24 21 1		7 22 21 1		7 24 22 1		7 23 22 1		7 24 23 1		7 0 23 1		
8 0 24 1		8 0 1 1		8 1 24 1		8 1 2 1		8 2 24 1		8 2 3 1		8 3 24 1		8 3 4 1		8 4 24 1		8 4 5 1		8 5 24 1		8 5 6 1		8 6 24 1		8 6 7 1		8 7 24 1		8 7 8 1		8 8 24 1		8 8 9 1		8 9 24 1		8 9 10 1		8 10 24 1		8 10 11 1		8 11 24 1		8 11 12 1		8 12 24 1		8 12 13 1		8 13 24 1		8 13 14 1		8 14 24 1		8 14 15 1		8 15 24 1		8 15 16 1		8 16 24 1		8 16 17 1		8 17 24 1		8 17 18 1		8 18 24 1		8 18 19 1		8 19 24 1		8 19 20 1		8 20 24 1		8 20 21 1		8 21 24 1		8 21 22 1		8 22 24 1		8 22 23 1		8 23 24 1		8 23 0 1		8 24 0 1		8 1 0 1		8 24 1 1		8 2 1 1		8 24 2 1		8 3 2 1		8 24 3 1		8 4 3 1		8 24 4 1		8 5 4 1		8 24 5 1		8 6 5 1		8 24 6 1		8 7 6 1		8 24 7 1		8 8 7 1		8 24 8 1		8 9 8 1		8 24 9 1		8 10 9 1		8 24 10 1		8 11 10 1		8 24 11 1		8 12 11 1		8 24 12 1		8 13 12 1		8 24 13 1		8 14 13 1		8 24 14 1		8 15 14 1		8 24 15 1		8 16 15 1		8 24 16 1		8 17 16 1		8 24 17 1		8 18 17 1		8 24 18 1		8 19 18 1		8 24 19 1		8 20 19 1		8 24 20 1		8 21 20 1		8 24 21 1		8 22 21 1		8 24 22 1		8 23 22 1		8 24 23 1		8 0 23 1		
9 0 24 1		9 0 1 1		9 1 24 1		9 1 2 1		9 2 24 1		9 2 3 1		9 3 24 1		9 3 4 1		9 4 24 1		9 4 5 1		9 5 24 1		9 5 6 1		9 6 24 1		9 6 7 1		9 7 24 1		9 7 8 1		9 8 24 1		9 8 9 1		9 9 24 1		9 9 10 1		9 10 24 1		9 10 11 1		9 11 24 1		9 11 12 1		9 12 24 1		9 12 13 1		9 13 24 1		9 13 14 1		9 14 24 1		9 14 15 1		9 15 24 1		9 15 16 1		9 16 24 1		9 16 17 1		9 17 24 1		9 17 18 1		9 18 24 1		9 18 19 1		9 19 24 1		9 19 20 1		9 20 24 1		9 20 21 1		9 21 24 1		9 21 22 1		9 22 24 1		9 22 23 1		9 23 24 1		9 23 0 1		9 24 0 1		9 1 0 1		9 24 1 1		9 2 1 1		9 24 2 1		9 3 2 1		9 24 3 1		9 4 3 1		9 24 4 1		9 5 4 1		9 24 5 1		9 6 5 1		9 24 6 1		9 7 6 1		9 24 7 1		9 8 7 1		9 24 8 1		9 9 8 1		9 24 9 1		9 10 9 1		9 24 10 1		9 11 10 1		9 24 11 1		9 12 11 1		9 24 12 1		9 13 12 1		9 24 13 1		9 14 13 1		9 24 14 1		9 15 14 1		9 24 15 1		9 16 15 1		9 24 16 1		9 17 16 1		9 24 17 1		9 18 17 1		9 24 18 1		9 19 18 1		9 24 19 1		9 20 19 1		9 24 20 1		9 21 20 1		9 24 21 1		9 22 21 1		9 24 22 1		9 23 22 1		9 24 23 1		9 0 23 1		
10 0 24 1		10 0 1 1		10 1 24 1		10 1 2 1		10 2 24 1		10 2 3 1		10 3 24 1		10 3 4 1		10 4 24 1		10 4 5 1		10 5 24 1		10 5 6 1		10 6 24 1		10 6 7 1		10 7 24 1		10 7 8 1		10 8 24 1		10 8 9 1		10 9 24 1		10 9 10 1		10 10 24 1		10 10 11 1		10 11 24 1		10 11 12 1		10 12 24 1		10 12 13 1		10 13 24 1		10 13 14 1		10 14 24 1		10 14 15 1		10 15 24 1		10 15 16 1		10 16 24 1		10 16 17 1		10 17 24 1		10 17 18 1		10 18 24 1		10 18 19 1		10 19 24 1		10 19 20 1		10 20 24 1		10 20 21 1		10 21 24 1		10 21 22 1		10 22 24 1		10 22 23 1		10 23 24 1		10 23 0 1		10 24 0 1		10 1 0 1		10 24 1 1		10 2 1 1		10 24 2 1		10 3 2 1		10 24 3 1		10 4 3 1		10 24 4 1		10 5 4 1		10 24 5 1		10 6 5 1		10 24 6 1		10 7 6 1		10 24 7 1		10 8 7 1		10 24 8 1		10 9 8 1		10 24 9 1		10 10 9 1		10 24 10 1		10 11 10 1		10 24 11 1		10 12 11 1		10 24 12 1		10 13 12 1		10 24 13 1		10 14 13 1		10 24 14 1		10 15 14 1		10 24 15 1		10 16 15 1		10 24 16 1		10 17 16 1		10 24 17 1		10 18 17 1		10 24 18 1		10 19 18 1		10 24 19 1		10 20 19 1		10 24 20 1		10 21 20 1		10 24 21 1		10 22 21 1		10 24 22 1		10 23 22 1		10 24 23 1		10 0 23 1		
11 0 24 1		11 0 1 1		11 1 24 1		11 1 2 1		11 2 24 1		11 2 3 1		11 3 24 1		11 3 4 1		11 4 24 1		11 4 5 1		11 5 24 1		11 5 6 1		11 6 24 1		11 6 7 1		11 7 24 1		11 7 8 1		11 8 24 1		11 8 9 1		11 9 24 1		11 9 10 1		11 10 24 1		11 10 11 1		11 11 24 1		11 11 12 1		11 12 24 1		11 12 13 1		11 13 24 1		11 13 14 1		11 14 24 1		11 14 15 1		11 15 24 1		11 15 16 1		11 16 24 1		11 16 17 1		11 17 24 1		11 17 18 1		11 18 24 1		11 18 19 1		11 19 24 1		11 19 20 1		11 20 24 1		11 20 21 1		11 21 24 1		11 21 22 1		11 22 24 1		11 22 23 1		11 23 24 1		11 23 0 1		11 24 0 1		11 1 0 1		11 24 1 1		11 2 1 1		11 24 2 1		11 3 2 1		11 24 3 1		11 4 3 1		11 24 4 1		11 5 4 1		11 24 5 1		11 6 5 1		11 24 6 1		11 7 6 1		11 24 7 1		11 8 7 1		11 24 8 1		11 9 8 1		11 24 9 1		11 10 9 1		11 24 10 1		11 11 10 1		11 24 11 1		11 12 11 1		11 24 12 1		11 13 12 1		11 24 13 1		11 14 13 1		11 24 14 1		11 15 14 1		11 24 15 1		11 16 15 1		11 24 16 1		11 17 16 1		11 24 17 1		11 18 17 1		11 24 18 1		11 19 18 1		11 24 19 1		11 20 19 1		11 24 20 1		11 21 20 1		11 24 21 1		11 22 21 1		11 24 22 1		11 23 22 1		11 24 23 1		11 0 23 1		
12 0 24 1		12 0 1 1		12 1 24 1		12 1 2 1		12 2 24 1		12 2 3 1		12 3 24 1		12 3 4 1		12 4 24 1		12 4 5 1		12 5 24 1		12 5 6 1		12 6 24 1		12 6 7 1		12 7 24 1		12 7 8 1		12 8 24 1		12 8 9 1		12 9 24 1		12 9 10 1		12 10 24 1		12 10 11 1		12 11 24 1		12 11 12 1		12 12 24 1		12 12 13 1		12 13 24 1		12 13 14 1		12 14 24 1		12 14 15 1		12 15 24 1		12 15 16 1		12 16 24 1		12 16 17 1		12 17 24 1		12 17 18 1		12 18 24 1		12 18 19 1		12 19 24 1		12 19 20 1		12 20 24 1		12 20 21 1		12 21 24 1		12 21 22 1		12 22 24 1		12 22 23 1		12 23 24 1		12 23 0 1		12 24 0 1		12 1 0 1		12 24 1 1		12 2 1 1		12 24 2 1		12 3 2 1		12 24 3 1		12 4 3 1		12 24 4 1		12 5 4 1		12 24 5 1		12 6 5 1		12 24 6 1		12 7 6 1		12 24 7 1		12 8 7 1		12 24 8 1		12 9 8 1		12 24 9 1		12 10 9 1		12 24 10 1		12 11 10 1		12 24 11 1		12 12 11 1		12 24 12 1		12 13 12 1		12 24 13 1		12 14 13 1		12 24 14 1		12 15 14 1		12 24 15 1		12 16 15 1		12 24 16 1		12 17 16 1		12 24 17 1		12 18 17 1		12 24 18 1		12 19 18 1		12 24 19 1		12 20 19 1		12 24 20 1		12 21 20 1		12 24 21 1		12 22 21 1		12 24 22 1		12 23 22 1		12 24 23 1		12 0 23 1		
13 0 24 1		13 0 1 1		13 1 24 1		13 1 2 1		13 2 24 1		13 2 3 1		13 3 24 1		13 3 4 1		13 4 24 1		13 4 5 1		13 5 24 1		13 5 6 1		13 6 24 1		13 6 7 1		13 7 24 1		13 7 8 1		13 8 24 1		13 8 9 1		13 9 24 1		13 9 10 1		13 10 24 1		13 10 11 1		13 11 24 1		13 11 12 1		13 12 24 1		13 12 13 1		13 13 24 1		13 13 14 1		13 14 24 1		13 14 15 1		13 15 24 1		13 15 16 1		13 16 24 1		13 16 17 1		13 17 24 1		13 17 18 1		13 18 24 1		13 18 19 1		13 19 24 1		13 19 20 1		13 20 24 1		13 20 21 1		13 21 24 1		13 21 22 1		13 22 24 1		13 22 23 1		13 23 24 1		13 23 0 1		13 24 0 1		13 1 0 1		13 24 1 1		13 2 1 1		13 24 2 1		13 3 2 1		13 24 3 1		13 4 3 1		13 24 4 1		13 5 4 1		13 24 5 1		13 6 5 1		13 24 6 1		13 7 6 1		13 24 7 1		13 8 7 1		13 24 8 1		13 9 8 1		13 24 9 1		13 10 9 1		13 24 10 1		13 11 10 1		13 24 11 1		13 12 11 1		13 24 12 1		13 13 12 1		13 24 13 1		13 14 13 1		13 24 14 1		13 15 14 1		13 24 15 1		13 16 15 1		13 24 16 1		13 17 16 1		13 24 17 1		13 18 17 1		13 24 18 1		13 19 18 1		13 24 19 1		13 20 19 1		13 24 20 1		13 21 20 1		13 24 21 1		13 22 21 1		13 24 22 1		13 23 22 1		13 24 23 1		13 0 23 1		
14 0 24 1		14 0 1 1		14 1 24 1		14 1 2 1		14 2 24 1		14 2 3 1		14 3 24 1		14 3 4 1		14 4 24 1		14 4 5 1		14 5 24 1		14 5 6 1		14 6 24 1		14 6 7 1		14 7 24 1		14 7 8 1		14 8 24 1		14 8 9 1		14 9 24 1		14 9 10 1		14 10 24 1		14 10 11 1		14 11 24 1		14 11 12 1		14 12 24 1		14 12 13 1		14 13 24 1		14 13 14 1		14 14 24 1		14 14 15 1		14 15 24 1		14 15 16 1		14 16 24 1		14 16 17 1		14 17 24 1		14 17 18 1		14 18 24 1		14 18 19 1		14 19 24 1		14 19 20 1		14 20 24 1		14 20 21 1		14 21 24 1		14 21 22 1		14 22 24 1		14 22 23 1		14 23 24 1		14 23 0 1		14 24 0 1		14 1 0 1		14 24 1 1		14 2 1 1		14 24 2 1		14 3 2 1		14 24 3 1		14 4 3 1		14 24 4 1		14 5 4 1		14 24 5 1		14 6 5 1		14 24 6 1		14 7 6 1		14 24 7 1		14 8 7 1		14 24 8 1		14 9 8 1		14 24 9 1		14 10 9 1		14 24 10 1		14 11 10 1		14 24 11 1		14 12 11 1		14 24 12 1		14 13 12 1		14 24 13 1		14 14 13 1		14 24 14 1		14 15 14 1		14 24 15 1		14 16 15 1		14 24 16 1		14 17 16 1		14 24 17 1		14 18 17 1		14 24 18 1		14 19 18 1		14 24 19 1		14 20 19 1		14 24 20 1		14 21 20 1		14 24 21 1		14 22 21 1		14 24 22 1		14 23 22 1		14 24 23 1		14 0 23 1		 ;
param v_max:=
0 0 24 2		0 0 1 2		0 1 24 2		0 1 2 2		0 2 24 2		0 2 3 2		0 3 24 2		0 3 4 2		0 4 24 2		0 4 5 2		0 5 24 2		0 5 6 2		0 6 24 2		0 6 7 2		0 7 24 2		0 7 8 2		0 8 24 2		0 8 9 2		0 9 24 2		0 9 10 2		0 10 24 2		0 10 11 2		0 11 24 2		0 11 12 2		0 12 24 2		0 12 13 2		0 13 24 2		0 13 14 2		0 14 24 2		0 14 15 2		0 15 24 2		0 15 16 2		0 16 24 2		0 16 17 2		0 17 24 2		0 17 18 2		0 18 24 2		0 18 19 2		0 19 24 2		0 19 20 2		0 20 24 2		0 20 21 2		0 21 24 2		0 21 22 2		0 22 24 2		0 22 23 2		0 23 24 2		0 23 0 2		0 24 0 2		0 1 0 2		0 24 1 2		0 2 1 2		0 24 2 2		0 3 2 2		0 24 3 2		0 4 3 2		0 24 4 2		0 5 4 2		0 24 5 2		0 6 5 2		0 24 6 2		0 7 6 2		0 24 7 2		0 8 7 2		0 24 8 2		0 9 8 2		0 24 9 2		0 10 9 2		0 24 10 2		0 11 10 2		0 24 11 2		0 12 11 2		0 24 12 2		0 13 12 2		0 24 13 2		0 14 13 2		0 24 14 2		0 15 14 2		0 24 15 2		0 16 15 2		0 24 16 2		0 17 16 2		0 24 17 2		0 18 17 2		0 24 18 2		0 19 18 2		0 24 19 2		0 20 19 2		0 24 20 2		0 21 20 2		0 24 21 2		0 22 21 2		0 24 22 2		0 23 22 2		0 24 23 2		0 0 23 2		
1 0 24 2		1 0 1 2		1 1 24 2		1 1 2 2		1 2 24 2		1 2 3 2		1 3 24 2		1 3 4 2		1 4 24 2		1 4 5 2		1 5 24 2		1 5 6 2		1 6 24 2		1 6 7 2		1 7 24 2		1 7 8 2		1 8 24 2		1 8 9 2		1 9 24 2		1 9 10 2		1 10 24 2		1 10 11 2		1 11 24 2		1 11 12 2		1 12 24 2		1 12 13 2		1 13 24 2		1 13 14 2		1 14 24 2		1 14 15 2		1 15 24 2		1 15 16 2		1 16 24 2		1 16 17 2		1 17 24 2		1 17 18 2		1 18 24 2		1 18 19 2		1 19 24 2		1 19 20 2		1 20 24 2		1 20 21 2		1 21 24 2		1 21 22 2		1 22 24 2		1 22 23 2		1 23 24 2		1 23 0 2		1 24 0 2		1 1 0 2		1 24 1 2		1 2 1 2		1 24 2 2		1 3 2 2		1 24 3 2		1 4 3 2		1 24 4 2		1 5 4 2		1 24 5 2		1 6 5 2		1 24 6 2		1 7 6 2		1 24 7 2		1 8 7 2		1 24 8 2		1 9 8 2		1 24 9 2		1 10 9 2		1 24 10 2		1 11 10 2		1 24 11 2		1 12 11 2		1 24 12 2		1 13 12 2		1 24 13 2		1 14 13 2		1 24 14 2		1 15 14 2		1 24 15 2		1 16 15 2		1 24 16 2		1 17 16 2		1 24 17 2		1 18 17 2		1 24 18 2		1 19 18 2		1 24 19 2		1 20 19 2		1 24 20 2		1 21 20 2		1 24 21 2		1 22 21 2		1 24 22 2		1 23 22 2		1 24 23 2		1 0 23 2		
2 0 24 2		2 0 1 2		2 1 24 2		2 1 2 2		2 2 24 2		2 2 3 2		2 3 24 2		2 3 4 2		2 4 24 2		2 4 5 2		2 5 24 2		2 5 6 2		2 6 24 2		2 6 7 2		2 7 24 2		2 7 8 2		2 8 24 2		2 8 9 2		2 9 24 2		2 9 10 2		2 10 24 2		2 10 11 2		2 11 24 2		2 11 12 2		2 12 24 2		2 12 13 2		2 13 24 2		2 13 14 2		2 14 24 2		2 14 15 2		2 15 24 2		2 15 16 2		2 16 24 2		2 16 17 2		2 17 24 2		2 17 18 2		2 18 24 2		2 18 19 2		2 19 24 2		2 19 20 2		2 20 24 2		2 20 21 2		2 21 24 2		2 21 22 2		2 22 24 2		2 22 23 2		2 23 24 2		2 23 0 2		2 24 0 2		2 1 0 2		2 24 1 2		2 2 1 2		2 24 2 2		2 3 2 2		2 24 3 2		2 4 3 2		2 24 4 2		2 5 4 2		2 24 5 2		2 6 5 2		2 24 6 2		2 7 6 2		2 24 7 2		2 8 7 2		2 24 8 2		2 9 8 2		2 24 9 2		2 10 9 2		2 24 10 2		2 11 10 2		2 24 11 2		2 12 11 2		2 24 12 2		2 13 12 2		2 24 13 2		2 14 13 2		2 24 14 2		2 15 14 2		2 24 15 2		2 16 15 2		2 24 16 2		2 17 16 2		2 24 17 2		2 18 17 2		2 24 18 2		2 19 18 2		2 24 19 2		2 20 19 2		2 24 20 2		2 21 20 2		2 24 21 2		2 22 21 2		2 24 22 2		2 23 22 2		2 24 23 2		2 0 23 2		
3 0 24 2		3 0 1 2		3 1 24 2		3 1 2 2		3 2 24 2		3 2 3 2		3 3 24 2		3 3 4 2		3 4 24 2		3 4 5 2		3 5 24 2		3 5 6 2		3 6 24 2		3 6 7 2		3 7 24 2		3 7 8 2		3 8 24 2		3 8 9 2		3 9 24 2		3 9 10 2		3 10 24 2		3 10 11 2		3 11 24 2		3 11 12 2		3 12 24 2		3 12 13 2		3 13 24 2		3 13 14 2		3 14 24 2		3 14 15 2		3 15 24 2		3 15 16 2		3 16 24 2		3 16 17 2		3 17 24 2		3 17 18 2		3 18 24 2		3 18 19 2		3 19 24 2		3 19 20 2		3 20 24 2		3 20 21 2		3 21 24 2		3 21 22 2		3 22 24 2		3 22 23 2		3 23 24 2		3 23 0 2		3 24 0 2		3 1 0 2		3 24 1 2		3 2 1 2		3 24 2 2		3 3 2 2		3 24 3 2		3 4 3 2		3 24 4 2		3 5 4 2		3 24 5 2		3 6 5 2		3 24 6 2		3 7 6 2		3 24 7 2		3 8 7 2		3 24 8 2		3 9 8 2		3 24 9 2		3 10 9 2		3 24 10 2		3 11 10 2		3 24 11 2		3 12 11 2		3 24 12 2		3 13 12 2		3 24 13 2		3 14 13 2		3 24 14 2		3 15 14 2		3 24 15 2		3 16 15 2		3 24 16 2		3 17 16 2		3 24 17 2		3 18 17 2		3 24 18 2		3 19 18 2		3 24 19 2		3 20 19 2		3 24 20 2		3 21 20 2		3 24 21 2		3 22 21 2		3 24 22 2		3 23 22 2		3 24 23 2		3 0 23 2		
4 0 24 2		4 0 1 2		4 1 24 2		4 1 2 2		4 2 24 2		4 2 3 2		4 3 24 2		4 3 4 2		4 4 24 2		4 4 5 2		4 5 24 2		4 5 6 2		4 6 24 2		4 6 7 2		4 7 24 2		4 7 8 2		4 8 24 2		4 8 9 2		4 9 24 2		4 9 10 2		4 10 24 2		4 10 11 2		4 11 24 2		4 11 12 2		4 12 24 2		4 12 13 2		4 13 24 2		4 13 14 2		4 14 24 2		4 14 15 2		4 15 24 2		4 15 16 2		4 16 24 2		4 16 17 2		4 17 24 2		4 17 18 2		4 18 24 2		4 18 19 2		4 19 24 2		4 19 20 2		4 20 24 2		4 20 21 2		4 21 24 2		4 21 22 2		4 22 24 2		4 22 23 2		4 23 24 2		4 23 0 2		4 24 0 2		4 1 0 2		4 24 1 2		4 2 1 2		4 24 2 2		4 3 2 2		4 24 3 2		4 4 3 2		4 24 4 2		4 5 4 2		4 24 5 2		4 6 5 2		4 24 6 2		4 7 6 2		4 24 7 2		4 8 7 2		4 24 8 2		4 9 8 2		4 24 9 2		4 10 9 2		4 24 10 2		4 11 10 2		4 24 11 2		4 12 11 2		4 24 12 2		4 13 12 2		4 24 13 2		4 14 13 2		4 24 14 2		4 15 14 2		4 24 15 2		4 16 15 2		4 24 16 2		4 17 16 2		4 24 17 2		4 18 17 2		4 24 18 2		4 19 18 2		4 24 19 2		4 20 19 2		4 24 20 2		4 21 20 2		4 24 21 2		4 22 21 2		4 24 22 2		4 23 22 2		4 24 23 2		4 0 23 2		
5 0 24 2		5 0 1 2		5 1 24 2		5 1 2 2		5 2 24 2		5 2 3 2		5 3 24 2		5 3 4 2		5 4 24 2		5 4 5 2		5 5 24 2		5 5 6 2		5 6 24 2		5 6 7 2		5 7 24 2		5 7 8 2		5 8 24 2		5 8 9 2		5 9 24 2		5 9 10 2		5 10 24 2		5 10 11 2		5 11 24 2		5 11 12 2		5 12 24 2		5 12 13 2		5 13 24 2		5 13 14 2		5 14 24 2		5 14 15 2		5 15 24 2		5 15 16 2		5 16 24 2		5 16 17 2		5 17 24 2		5 17 18 2		5 18 24 2		5 18 19 2		5 19 24 2		5 19 20 2		5 20 24 2		5 20 21 2		5 21 24 2		5 21 22 2		5 22 24 2		5 22 23 2		5 23 24 2		5 23 0 2		5 24 0 2		5 1 0 2		5 24 1 2		5 2 1 2		5 24 2 2		5 3 2 2		5 24 3 2		5 4 3 2		5 24 4 2		5 5 4 2		5 24 5 2		5 6 5 2		5 24 6 2		5 7 6 2		5 24 7 2		5 8 7 2		5 24 8 2		5 9 8 2		5 24 9 2		5 10 9 2		5 24 10 2		5 11 10 2		5 24 11 2		5 12 11 2		5 24 12 2		5 13 12 2		5 24 13 2		5 14 13 2		5 24 14 2		5 15 14 2		5 24 15 2		5 16 15 2		5 24 16 2		5 17 16 2		5 24 17 2		5 18 17 2		5 24 18 2		5 19 18 2		5 24 19 2		5 20 19 2		5 24 20 2		5 21 20 2		5 24 21 2		5 22 21 2		5 24 22 2		5 23 22 2		5 24 23 2		5 0 23 2		
6 0 24 2		6 0 1 2		6 1 24 2		6 1 2 2		6 2 24 2		6 2 3 2		6 3 24 2		6 3 4 2		6 4 24 2		6 4 5 2		6 5 24 2		6 5 6 2		6 6 24 2		6 6 7 2		6 7 24 2		6 7 8 2		6 8 24 2		6 8 9 2		6 9 24 2		6 9 10 2		6 10 24 2		6 10 11 2		6 11 24 2		6 11 12 2		6 12 24 2		6 12 13 2		6 13 24 2		6 13 14 2		6 14 24 2		6 14 15 2		6 15 24 2		6 15 16 2		6 16 24 2		6 16 17 2		6 17 24 2		6 17 18 2		6 18 24 2		6 18 19 2		6 19 24 2		6 19 20 2		6 20 24 2		6 20 21 2		6 21 24 2		6 21 22 2		6 22 24 2		6 22 23 2		6 23 24 2		6 23 0 2		6 24 0 2		6 1 0 2		6 24 1 2		6 2 1 2		6 24 2 2		6 3 2 2		6 24 3 2		6 4 3 2		6 24 4 2		6 5 4 2		6 24 5 2		6 6 5 2		6 24 6 2		6 7 6 2		6 24 7 2		6 8 7 2		6 24 8 2		6 9 8 2		6 24 9 2		6 10 9 2		6 24 10 2		6 11 10 2		6 24 11 2		6 12 11 2		6 24 12 2		6 13 12 2		6 24 13 2		6 14 13 2		6 24 14 2		6 15 14 2		6 24 15 2		6 16 15 2		6 24 16 2		6 17 16 2		6 24 17 2		6 18 17 2		6 24 18 2		6 19 18 2		6 24 19 2		6 20 19 2		6 24 20 2		6 21 20 2		6 24 21 2		6 22 21 2		6 24 22 2		6 23 22 2		6 24 23 2		6 0 23 2		
7 0 24 2		7 0 1 2		7 1 24 2		7 1 2 2		7 2 24 2		7 2 3 2		7 3 24 2		7 3 4 2		7 4 24 2		7 4 5 2		7 5 24 2		7 5 6 2		7 6 24 2		7 6 7 2		7 7 24 2		7 7 8 2		7 8 24 2		7 8 9 2		7 9 24 2		7 9 10 2		7 10 24 2		7 10 11 2		7 11 24 2		7 11 12 2		7 12 24 2		7 12 13 2		7 13 24 2		7 13 14 2		7 14 24 2		7 14 15 2		7 15 24 2		7 15 16 2		7 16 24 2		7 16 17 2		7 17 24 2		7 17 18 2		7 18 24 2		7 18 19 2		7 19 24 2		7 19 20 2		7 20 24 2		7 20 21 2		7 21 24 2		7 21 22 2		7 22 24 2		7 22 23 2		7 23 24 2		7 23 0 2		7 24 0 2		7 1 0 2		7 24 1 2		7 2 1 2		7 24 2 2		7 3 2 2		7 24 3 2		7 4 3 2		7 24 4 2		7 5 4 2		7 24 5 2		7 6 5 2		7 24 6 2		7 7 6 2		7 24 7 2		7 8 7 2		7 24 8 2		7 9 8 2		7 24 9 2		7 10 9 2		7 24 10 2		7 11 10 2		7 24 11 2		7 12 11 2		7 24 12 2		7 13 12 2		7 24 13 2		7 14 13 2		7 24 14 2		7 15 14 2		7 24 15 2		7 16 15 2		7 24 16 2		7 17 16 2		7 24 17 2		7 18 17 2		7 24 18 2		7 19 18 2		7 24 19 2		7 20 19 2		7 24 20 2		7 21 20 2		7 24 21 2		7 22 21 2		7 24 22 2		7 23 22 2		7 24 23 2		7 0 23 2		
8 0 24 2		8 0 1 2		8 1 24 2		8 1 2 2		8 2 24 2		8 2 3 2		8 3 24 2		8 3 4 2		8 4 24 2		8 4 5 2		8 5 24 2		8 5 6 2		8 6 24 2		8 6 7 2		8 7 24 2		8 7 8 2		8 8 24 2		8 8 9 2		8 9 24 2		8 9 10 2		8 10 24 2		8 10 11 2		8 11 24 2		8 11 12 2		8 12 24 2		8 12 13 2		8 13 24 2		8 13 14 2		8 14 24 2		8 14 15 2		8 15 24 2		8 15 16 2		8 16 24 2		8 16 17 2		8 17 24 2		8 17 18 2		8 18 24 2		8 18 19 2		8 19 24 2		8 19 20 2		8 20 24 2		8 20 21 2		8 21 24 2		8 21 22 2		8 22 24 2		8 22 23 2		8 23 24 2		8 23 0 2		8 24 0 2		8 1 0 2		8 24 1 2		8 2 1 2		8 24 2 2		8 3 2 2		8 24 3 2		8 4 3 2		8 24 4 2		8 5 4 2		8 24 5 2		8 6 5 2		8 24 6 2		8 7 6 2		8 24 7 2		8 8 7 2		8 24 8 2		8 9 8 2		8 24 9 2		8 10 9 2		8 24 10 2		8 11 10 2		8 24 11 2		8 12 11 2		8 24 12 2		8 13 12 2		8 24 13 2		8 14 13 2		8 24 14 2		8 15 14 2		8 24 15 2		8 16 15 2		8 24 16 2		8 17 16 2		8 24 17 2		8 18 17 2		8 24 18 2		8 19 18 2		8 24 19 2		8 20 19 2		8 24 20 2		8 21 20 2		8 24 21 2		8 22 21 2		8 24 22 2		8 23 22 2		8 24 23 2		8 0 23 2		
9 0 24 2		9 0 1 2		9 1 24 2		9 1 2 2		9 2 24 2		9 2 3 2		9 3 24 2		9 3 4 2		9 4 24 2		9 4 5 2		9 5 24 2		9 5 6 2		9 6 24 2		9 6 7 2		9 7 24 2		9 7 8 2		9 8 24 2		9 8 9 2		9 9 24 2		9 9 10 2		9 10 24 2		9 10 11 2		9 11 24 2		9 11 12 2		9 12 24 2		9 12 13 2		9 13 24 2		9 13 14 2		9 14 24 2		9 14 15 2		9 15 24 2		9 15 16 2		9 16 24 2		9 16 17 2		9 17 24 2		9 17 18 2		9 18 24 2		9 18 19 2		9 19 24 2		9 19 20 2		9 20 24 2		9 20 21 2		9 21 24 2		9 21 22 2		9 22 24 2		9 22 23 2		9 23 24 2		9 23 0 2		9 24 0 2		9 1 0 2		9 24 1 2		9 2 1 2		9 24 2 2		9 3 2 2		9 24 3 2		9 4 3 2		9 24 4 2		9 5 4 2		9 24 5 2		9 6 5 2		9 24 6 2		9 7 6 2		9 24 7 2		9 8 7 2		9 24 8 2		9 9 8 2		9 24 9 2		9 10 9 2		9 24 10 2		9 11 10 2		9 24 11 2		9 12 11 2		9 24 12 2		9 13 12 2		9 24 13 2		9 14 13 2		9 24 14 2		9 15 14 2		9 24 15 2		9 16 15 2		9 24 16 2		9 17 16 2		9 24 17 2		9 18 17 2		9 24 18 2		9 19 18 2		9 24 19 2		9 20 19 2		9 24 20 2		9 21 20 2		9 24 21 2		9 22 21 2		9 24 22 2		9 23 22 2		9 24 23 2		9 0 23 2		
10 0 24 2		10 0 1 2		10 1 24 2		10 1 2 2		10 2 24 2		10 2 3 2		10 3 24 2		10 3 4 2		10 4 24 2		10 4 5 2		10 5 24 2		10 5 6 2		10 6 24 2		10 6 7 2		10 7 24 2		10 7 8 2		10 8 24 2		10 8 9 2		10 9 24 2		10 9 10 2		10 10 24 2		10 10 11 2		10 11 24 2		10 11 12 2		10 12 24 2		10 12 13 2		10 13 24 2		10 13 14 2		10 14 24 2		10 14 15 2		10 15 24 2		10 15 16 2		10 16 24 2		10 16 17 2		10 17 24 2		10 17 18 2		10 18 24 2		10 18 19 2		10 19 24 2		10 19 20 2		10 20 24 2		10 20 21 2		10 21 24 2		10 21 22 2		10 22 24 2		10 22 23 2		10 23 24 2		10 23 0 2		10 24 0 2		10 1 0 2		10 24 1 2		10 2 1 2		10 24 2 2		10 3 2 2		10 24 3 2		10 4 3 2		10 24 4 2		10 5 4 2		10 24 5 2		10 6 5 2		10 24 6 2		10 7 6 2		10 24 7 2		10 8 7 2		10 24 8 2		10 9 8 2		10 24 9 2		10 10 9 2		10 24 10 2		10 11 10 2		10 24 11 2		10 12 11 2		10 24 12 2		10 13 12 2		10 24 13 2		10 14 13 2		10 24 14 2		10 15 14 2		10 24 15 2		10 16 15 2		10 24 16 2		10 17 16 2		10 24 17 2		10 18 17 2		10 24 18 2		10 19 18 2		10 24 19 2		10 20 19 2		10 24 20 2		10 21 20 2		10 24 21 2		10 22 21 2		10 24 22 2		10 23 22 2		10 24 23 2		10 0 23 2		
11 0 24 2		11 0 1 2		11 1 24 2		11 1 2 2		11 2 24 2		11 2 3 2		11 3 24 2		11 3 4 2		11 4 24 2		11 4 5 2		11 5 24 2		11 5 6 2		11 6 24 2		11 6 7 2		11 7 24 2		11 7 8 2		11 8 24 2		11 8 9 2		11 9 24 2		11 9 10 2		11 10 24 2		11 10 11 2		11 11 24 2		11 11 12 2		11 12 24 2		11 12 13 2		11 13 24 2		11 13 14 2		11 14 24 2		11 14 15 2		11 15 24 2		11 15 16 2		11 16 24 2		11 16 17 2		11 17 24 2		11 17 18 2		11 18 24 2		11 18 19 2		11 19 24 2		11 19 20 2		11 20 24 2		11 20 21 2		11 21 24 2		11 21 22 2		11 22 24 2		11 22 23 2		11 23 24 2		11 23 0 2		11 24 0 2		11 1 0 2		11 24 1 2		11 2 1 2		11 24 2 2		11 3 2 2		11 24 3 2		11 4 3 2		11 24 4 2		11 5 4 2		11 24 5 2		11 6 5 2		11 24 6 2		11 7 6 2		11 24 7 2		11 8 7 2		11 24 8 2		11 9 8 2		11 24 9 2		11 10 9 2		11 24 10 2		11 11 10 2		11 24 11 2		11 12 11 2		11 24 12 2		11 13 12 2		11 24 13 2		11 14 13 2		11 24 14 2		11 15 14 2		11 24 15 2		11 16 15 2		11 24 16 2		11 17 16 2		11 24 17 2		11 18 17 2		11 24 18 2		11 19 18 2		11 24 19 2		11 20 19 2		11 24 20 2		11 21 20 2		11 24 21 2		11 22 21 2		11 24 22 2		11 23 22 2		11 24 23 2		11 0 23 2		
12 0 24 2		12 0 1 2		12 1 24 2		12 1 2 2		12 2 24 2		12 2 3 2		12 3 24 2		12 3 4 2		12 4 24 2		12 4 5 2		12 5 24 2		12 5 6 2		12 6 24 2		12 6 7 2		12 7 24 2		12 7 8 2		12 8 24 2		12 8 9 2		12 9 24 2		12 9 10 2		12 10 24 2		12 10 11 2		12 11 24 2		12 11 12 2		12 12 24 2		12 12 13 2		12 13 24 2		12 13 14 2		12 14 24 2		12 14 15 2		12 15 24 2		12 15 16 2		12 16 24 2		12 16 17 2		12 17 24 2		12 17 18 2		12 18 24 2		12 18 19 2		12 19 24 2		12 19 20 2		12 20 24 2		12 20 21 2		12 21 24 2		12 21 22 2		12 22 24 2		12 22 23 2		12 23 24 2		12 23 0 2		12 24 0 2		12 1 0 2		12 24 1 2		12 2 1 2		12 24 2 2		12 3 2 2		12 24 3 2		12 4 3 2		12 24 4 2		12 5 4 2		12 24 5 2		12 6 5 2		12 24 6 2		12 7 6 2		12 24 7 2		12 8 7 2		12 24 8 2		12 9 8 2		12 24 9 2		12 10 9 2		12 24 10 2		12 11 10 2		12 24 11 2		12 12 11 2		12 24 12 2		12 13 12 2		12 24 13 2		12 14 13 2		12 24 14 2		12 15 14 2		12 24 15 2		12 16 15 2		12 24 16 2		12 17 16 2		12 24 17 2		12 18 17 2		12 24 18 2		12 19 18 2		12 24 19 2		12 20 19 2		12 24 20 2		12 21 20 2		12 24 21 2		12 22 21 2		12 24 22 2		12 23 22 2		12 24 23 2		12 0 23 2		
13 0 24 2		13 0 1 2		13 1 24 2		13 1 2 2		13 2 24 2		13 2 3 2		13 3 24 2		13 3 4 2		13 4 24 2		13 4 5 2		13 5 24 2		13 5 6 2		13 6 24 2		13 6 7 2		13 7 24 2		13 7 8 2		13 8 24 2		13 8 9 2		13 9 24 2		13 9 10 2		13 10 24 2		13 10 11 2		13 11 24 2		13 11 12 2		13 12 24 2		13 12 13 2		13 13 24 2		13 13 14 2		13 14 24 2		13 14 15 2		13 15 24 2		13 15 16 2		13 16 24 2		13 16 17 2		13 17 24 2		13 17 18 2		13 18 24 2		13 18 19 2		13 19 24 2		13 19 20 2		13 20 24 2		13 20 21 2		13 21 24 2		13 21 22 2		13 22 24 2		13 22 23 2		13 23 24 2		13 23 0 2		13 24 0 2		13 1 0 2		13 24 1 2		13 2 1 2		13 24 2 2		13 3 2 2		13 24 3 2		13 4 3 2		13 24 4 2		13 5 4 2		13 24 5 2		13 6 5 2		13 24 6 2		13 7 6 2		13 24 7 2		13 8 7 2		13 24 8 2		13 9 8 2		13 24 9 2		13 10 9 2		13 24 10 2		13 11 10 2		13 24 11 2		13 12 11 2		13 24 12 2		13 13 12 2		13 24 13 2		13 14 13 2		13 24 14 2		13 15 14 2		13 24 15 2		13 16 15 2		13 24 16 2		13 17 16 2		13 24 17 2		13 18 17 2		13 24 18 2		13 19 18 2		13 24 19 2		13 20 19 2		13 24 20 2		13 21 20 2		13 24 21 2		13 22 21 2		13 24 22 2		13 23 22 2		13 24 23 2		13 0 23 2		
14 0 24 2		14 0 1 2		14 1 24 2		14 1 2 2		14 2 24 2		14 2 3 2		14 3 24 2		14 3 4 2		14 4 24 2		14 4 5 2		14 5 24 2		14 5 6 2		14 6 24 2		14 6 7 2		14 7 24 2		14 7 8 2		14 8 24 2		14 8 9 2		14 9 24 2		14 9 10 2		14 10 24 2		14 10 11 2		14 11 24 2		14 11 12 2		14 12 24 2		14 12 13 2		14 13 24 2		14 13 14 2		14 14 24 2		14 14 15 2		14 15 24 2		14 15 16 2		14 16 24 2		14 16 17 2		14 17 24 2		14 17 18 2		14 18 24 2		14 18 19 2		14 19 24 2		14 19 20 2		14 20 24 2		14 20 21 2		14 21 24 2		14 21 22 2		14 22 24 2		14 22 23 2		14 23 24 2		14 23 0 2		14 24 0 2		14 1 0 2		14 24 1 2		14 2 1 2		14 24 2 2		14 3 2 2		14 24 3 2		14 4 3 2		14 24 4 2		14 5 4 2		14 24 5 2		14 6 5 2		14 24 6 2		14 7 6 2		14 24 7 2		14 8 7 2		14 24 8 2		14 9 8 2		14 24 9 2		14 10 9 2		14 24 10 2		14 11 10 2		14 24 11 2		14 12 11 2		14 24 12 2		14 13 12 2		14 24 13 2		14 14 13 2		14 24 14 2		14 15 14 2		14 24 15 2		14 16 15 2		14 24 16 2		14 17 16 2		14 24 17 2		14 18 17 2		14 24 18 2		14 19 18 2		14 24 19 2		14 20 19 2		14 24 20 2		14 21 20 2		14 24 21 2		14 22 21 2		14 24 22 2		14 23 22 2		14 24 23 2		14 0 23 2		 ;
param angleM:=
24 0 1 3.863703		24 0 2 2.0		24 0 3 1.414214		24 0 4 1.154701		24 0 5 1.035276		24 0 6 1.0		24 0 7 1.0		24 0 8 1.0		24 0 9 1.0		24 0 10 1.0		24 0 11 1.0		24 0 12 1.0		24 0 13 1.0		24 0 14 1.0		24 0 15 1.0		24 0 16 1.0		24 0 17 1.0		24 0 18 1.0		24 0 19 1.035276		24 0 20 1.154701		24 0 21 1.414214		24 0 22 2.0		24 0 23 3.863703		
1 0 24 1.008629		1 0 2 1.0		
24 1 0 3.863703		24 1 2 3.863703		24 1 3 2.0		24 1 4 1.414214		24 1 5 1.154701		24 1 6 1.035276		24 1 7 1.0		24 1 8 1.0		24 1 9 1.0		24 1 10 1.0		24 1 11 1.0		24 1 12 1.0		24 1 13 1.0		24 1 14 1.0		24 1 15 1.0		24 1 16 1.0		24 1 17 1.0		24 1 18 1.0		24 1 19 1.0		24 1 20 1.035276		24 1 21 1.154701		24 1 22 1.414214		24 1 23 2.0		
2 1 24 1.008629		2 1 3 1.0		
24 2 0 2.0		24 2 1 3.863703		24 2 3 3.863703		24 2 4 2.0		24 2 5 1.414214		24 2 6 1.154701		24 2 7 1.035276		24 2 8 1.0		24 2 9 1.0		24 2 10 1.0		24 2 11 1.0		24 2 12 1.0		24 2 13 1.0		24 2 14 1.0		24 2 15 1.0		24 2 16 1.0		24 2 17 1.0		24 2 18 1.0		24 2 19 1.0		24 2 20 1.0		24 2 21 1.035276		24 2 22 1.154701		24 2 23 1.414214		
3 2 24 1.008629		3 2 4 1.0		
24 3 0 1.414214		24 3 1 2.0		24 3 2 3.863703		24 3 4 3.863703		24 3 5 2.0		24 3 6 1.414214		24 3 7 1.154701		24 3 8 1.035276		24 3 9 1.0		24 3 10 1.0		24 3 11 1.0		24 3 12 1.0		24 3 13 1.0		24 3 14 1.0		24 3 15 1.0		24 3 16 1.0		24 3 17 1.0		24 3 18 1.0		24 3 19 1.0		24 3 20 1.0		24 3 21 1.0		24 3 22 1.035276		24 3 23 1.154701		
4 3 24 1.008629		4 3 5 1.0		
24 4 0 1.154701		24 4 1 1.414214		24 4 2 2.0		24 4 3 3.863703		24 4 5 3.863703		24 4 6 2.0		24 4 7 1.414214		24 4 8 1.154701		24 4 9 1.035276		24 4 10 1.0		24 4 11 1.0		24 4 12 1.0		24 4 13 1.0		24 4 14 1.0		24 4 15 1.0		24 4 16 1.0		24 4 17 1.0		24 4 18 1.0		24 4 19 1.0		24 4 20 1.0		24 4 21 1.0		24 4 22 1.0		24 4 23 1.035276		
5 4 24 1.008629		5 4 6 1.0		
24 5 0 1.035276		24 5 1 1.154701		24 5 2 1.414214		24 5 3 2.0		24 5 4 3.863703		24 5 6 3.863703		24 5 7 2.0		24 5 8 1.414214		24 5 9 1.154701		24 5 10 1.035276		24 5 11 1.0		24 5 12 1.0		24 5 13 1.0		24 5 14 1.0		24 5 15 1.0		24 5 16 1.0		24 5 17 1.0		24 5 18 1.0		24 5 19 1.0		24 5 20 1.0		24 5 21 1.0		24 5 22 1.0		24 5 23 1.0		
6 5 24 1.008629		6 5 7 1.0		
24 6 0 1.0		24 6 1 1.035276		24 6 2 1.154701		24 6 3 1.414214		24 6 4 2.0		24 6 5 3.863703		24 6 7 3.863703		24 6 8 2.0		24 6 9 1.414214		24 6 10 1.154701		24 6 11 1.035276		24 6 12 1.0		24 6 13 1.0		24 6 14 1.0		24 6 15 1.0		24 6 16 1.0		24 6 17 1.0		24 6 18 1.0		24 6 19 1.0		24 6 20 1.0		24 6 21 1.0		24 6 22 1.0		24 6 23 1.0		
7 6 24 1.008629		7 6 8 1.0		
24 7 0 1.0		24 7 1 1.0		24 7 2 1.035276		24 7 3 1.154701		24 7 4 1.414214		24 7 5 2.0		24 7 6 3.863703		24 7 8 3.863703		24 7 9 2.0		24 7 10 1.414214		24 7 11 1.154701		24 7 12 1.035276		24 7 13 1.0		24 7 14 1.0		24 7 15 1.0		24 7 16 1.0		24 7 17 1.0		24 7 18 1.0		24 7 19 1.0		24 7 20 1.0		24 7 21 1.0		24 7 22 1.0		24 7 23 1.0		
8 7 24 1.008629		8 7 9 1.0		
24 8 0 1.0		24 8 1 1.0		24 8 2 1.0		24 8 3 1.035276		24 8 4 1.154701		24 8 5 1.414214		24 8 6 2.0		24 8 7 3.863703		24 8 9 3.863703		24 8 10 2.0		24 8 11 1.414214		24 8 12 1.154701		24 8 13 1.035276		24 8 14 1.0		24 8 15 1.0		24 8 16 1.0		24 8 17 1.0		24 8 18 1.0		24 8 19 1.0		24 8 20 1.0		24 8 21 1.0		24 8 22 1.0		24 8 23 1.0		
9 8 24 1.008629		9 8 10 1.0		
24 9 0 1.0		24 9 1 1.0		24 9 2 1.0		24 9 3 1.0		24 9 4 1.035276		24 9 5 1.154701		24 9 6 1.414214		24 9 7 2.0		24 9 8 3.863703		24 9 10 3.863703		24 9 11 2.0		24 9 12 1.414214		24 9 13 1.154701		24 9 14 1.035276		24 9 15 1.0		24 9 16 1.0		24 9 17 1.0		24 9 18 1.0		24 9 19 1.0		24 9 20 1.0		24 9 21 1.0		24 9 22 1.0		24 9 23 1.0		
10 9 24 1.008629		10 9 11 1.0		
24 10 0 1.0		24 10 1 1.0		24 10 2 1.0		24 10 3 1.0		24 10 4 1.0		24 10 5 1.035276		24 10 6 1.154701		24 10 7 1.414214		24 10 8 2.0		24 10 9 3.863703		24 10 11 3.863703		24 10 12 2.0		24 10 13 1.414214		24 10 14 1.154701		24 10 15 1.035276		24 10 16 1.0		24 10 17 1.0		24 10 18 1.0		24 10 19 1.0		24 10 20 1.0		24 10 21 1.0		24 10 22 1.0		24 10 23 1.0		
11 10 24 1.008629		11 10 12 1.0		
24 11 0 1.0		24 11 1 1.0		24 11 2 1.0		24 11 3 1.0		24 11 4 1.0		24 11 5 1.0		24 11 6 1.035276		24 11 7 1.154701		24 11 8 1.414214		24 11 9 2.0		24 11 10 3.863703		24 11 12 3.863703		24 11 13 2.0		24 11 14 1.414214		24 11 15 1.154701		24 11 16 1.035276		24 11 17 1.0		24 11 18 1.0		24 11 19 1.0		24 11 20 1.0		24 11 21 1.0		24 11 22 1.0		24 11 23 1.0		
12 11 24 1.008629		12 11 13 1.0		
24 12 0 1.0		24 12 1 1.0		24 12 2 1.0		24 12 3 1.0		24 12 4 1.0		24 12 5 1.0		24 12 6 1.0		24 12 7 1.035276		24 12 8 1.154701		24 12 9 1.414214		24 12 10 2.0		24 12 11 3.863703		24 12 13 3.863703		24 12 14 2.0		24 12 15 1.414214		24 12 16 1.154701		24 12 17 1.035276		24 12 18 1.0		24 12 19 1.0		24 12 20 1.0		24 12 21 1.0		24 12 22 1.0		24 12 23 1.0		
13 12 24 1.008629		13 12 14 1.0		
24 13 0 1.0		24 13 1 1.0		24 13 2 1.0		24 13 3 1.0		24 13 4 1.0		24 13 5 1.0		24 13 6 1.0		24 13 7 1.0		24 13 8 1.035276		24 13 9 1.154701		24 13 10 1.414214		24 13 11 2.0		24 13 12 3.863703		24 13 14 3.863703		24 13 15 2.0		24 13 16 1.414214		24 13 17 1.154701		24 13 18 1.035276		24 13 19 1.0		24 13 20 1.0		24 13 21 1.0		24 13 22 1.0		24 13 23 1.0		
14 13 24 1.008629		14 13 15 1.0		
24 14 0 1.0		24 14 1 1.0		24 14 2 1.0		24 14 3 1.0		24 14 4 1.0		24 14 5 1.0		24 14 6 1.0		24 14 7 1.0		24 14 8 1.0		24 14 9 1.035276		24 14 10 1.154701		24 14 11 1.414214		24 14 12 2.0		24 14 13 3.863703		24 14 15 3.863703		24 14 16 2.0		24 14 17 1.414214		24 14 18 1.154701		24 14 19 1.035276		24 14 20 1.0		24 14 21 1.0		24 14 22 1.0		24 14 23 1.0		
15 14 24 1.008629		15 14 16 1.0		
24 15 0 1.0		24 15 1 1.0		24 15 2 1.0		24 15 3 1.0		24 15 4 1.0		24 15 5 1.0		24 15 6 1.0		24 15 7 1.0		24 15 8 1.0		24 15 9 1.0		24 15 10 1.035276		24 15 11 1.154701		24 15 12 1.414214		24 15 13 2.0		24 15 14 3.863703		24 15 16 3.863703		24 15 17 2.0		24 15 18 1.414214		24 15 19 1.154701		24 15 20 1.035276		24 15 21 1.0		24 15 22 1.0		24 15 23 1.0		
16 15 24 1.008629		16 15 17 1.0		
24 16 0 1.0		24 16 1 1.0		24 16 2 1.0		24 16 3 1.0		24 16 4 1.0		24 16 5 1.0		24 16 6 1.0		24 16 7 1.0		24 16 8 1.0		24 16 9 1.0		24 16 10 1.0		24 16 11 1.035276		24 16 12 1.154701		24 16 13 1.414214		24 16 14 2.0		24 16 15 3.863703		24 16 17 3.863703		24 16 18 2.0		24 16 19 1.414214		24 16 20 1.154701		24 16 21 1.035276		24 16 22 1.0		24 16 23 1.0		
17 16 24 1.008629		17 16 18 1.0		
24 17 0 1.0		24 17 1 1.0		24 17 2 1.0		24 17 3 1.0		24 17 4 1.0		24 17 5 1.0		24 17 6 1.0		24 17 7 1.0		24 17 8 1.0		24 17 9 1.0		24 17 10 1.0		24 17 11 1.0		24 17 12 1.035276		24 17 13 1.154701		24 17 14 1.414214		24 17 15 2.0		24 17 16 3.863703		24 17 18 3.863703		24 17 19 2.0		24 17 20 1.414214		24 17 21 1.154701		24 17 22 1.035276		24 17 23 1.0		
18 17 24 1.008629		18 17 19 1.0		
24 18 0 1.0		24 18 1 1.0		24 18 2 1.0		24 18 3 1.0		24 18 4 1.0		24 18 5 1.0		24 18 6 1.0		24 18 7 1.0		24 18 8 1.0		24 18 9 1.0		24 18 10 1.0		24 18 11 1.0		24 18 12 1.0		24 18 13 1.035276		24 18 14 1.154701		24 18 15 1.414214		24 18 16 2.0		24 18 17 3.863703		24 18 19 3.863703		24 18 20 2.0		24 18 21 1.414214		24 18 22 1.154701		24 18 23 1.035276		
19 18 24 1.008629		19 18 20 1.0		
24 19 0 1.035276		24 19 1 1.0		24 19 2 1.0		24 19 3 1.0		24 19 4 1.0		24 19 5 1.0		24 19 6 1.0		24 19 7 1.0		24 19 8 1.0		24 19 9 1.0		24 19 10 1.0		24 19 11 1.0		24 19 12 1.0		24 19 13 1.0		24 19 14 1.035276		24 19 15 1.154701		24 19 16 1.414214		24 19 17 2.0		24 19 18 3.863703		24 19 20 3.863703		24 19 21 2.0		24 19 22 1.414214		24 19 23 1.154701		
20 19 24 1.008629		20 19 21 1.0		
24 20 0 1.154701		24 20 1 1.035276		24 20 2 1.0		24 20 3 1.0		24 20 4 1.0		24 20 5 1.0		24 20 6 1.0		24 20 7 1.0		24 20 8 1.0		24 20 9 1.0		24 20 10 1.0		24 20 11 1.0		24 20 12 1.0		24 20 13 1.0		24 20 14 1.0		24 20 15 1.035276		24 20 16 1.154701		24 20 17 1.414214		24 20 18 2.0		24 20 19 3.863703		24 20 21 3.863703		24 20 22 2.0		24 20 23 1.414214		
21 20 24 1.008629		21 20 22 1.0		
24 21 0 1.414214		24 21 1 1.154701		24 21 2 1.035276		24 21 3 1.0		24 21 4 1.0		24 21 5 1.0		24 21 6 1.0		24 21 7 1.0		24 21 8 1.0		24 21 9 1.0		24 21 10 1.0		24 21 11 1.0		24 21 12 1.0		24 21 13 1.0		24 21 14 1.0		24 21 15 1.0		24 21 16 1.035276		24 21 17 1.154701		24 21 18 1.414214		24 21 19 2.0		24 21 20 3.863703		24 21 22 3.863703		24 21 23 2.0		
22 21 24 1.008629		22 21 23 1.0		
24 22 0 2.0		24 22 1 1.414214		24 22 2 1.154701		24 22 3 1.035276		24 22 4 1.0		24 22 5 1.0		24 22 6 1.0		24 22 7 1.0		24 22 8 1.0		24 22 9 1.0		24 22 10 1.0		24 22 11 1.0		24 22 12 1.0		24 22 13 1.0		24 22 14 1.0		24 22 15 1.0		24 22 16 1.0		24 22 17 1.035276		24 22 18 1.154701		24 22 19 1.414214		24 22 20 2.0		24 22 21 3.863703		24 22 23 3.863703		
23 22 24 1.008629		23 22 0 1.0		
24 23 0 3.863703		24 23 1 2.0		24 23 2 1.414214		24 23 3 1.154701		24 23 4 1.035276		24 23 5 1.0		24 23 6 1.0		24 23 7 1.0		24 23 8 1.0		24 23 9 1.0		24 23 10 1.0		24 23 11 1.0		24 23 12 1.0		24 23 13 1.0		24 23 14 1.0		24 23 15 1.0		24 23 16 1.0		24 23 17 1.0		24 23 18 1.035276		24 23 19 1.154701		24 23 20 1.414214		24 23 21 2.0		24 23 22 3.863703		
0 23 24 1.008629		0 23 1 1.0		
0 24 23 1.008629		0 24 1 1.008629		
0 1 23 1.0		0 1 24 1.008629		
1 24 0 1.008629		1 24 2 1.008629		
1 2 0 1.0		1 2 24 1.008629		
2 24 1 1.008629		2 24 3 1.008629		
2 3 1 1.0		2 3 24 1.008629		
3 24 2 1.008629		3 24 4 1.008629		
3 4 2 1.0		3 4 24 1.008629		
4 24 3 1.008629		4 24 5 1.008629		
4 5 3 1.0		4 5 24 1.008629		
5 24 4 1.008629		5 24 6 1.008629		
5 6 4 1.0		5 6 24 1.008629		
6 24 5 1.008629		6 24 7 1.008629		
6 7 5 1.0		6 7 24 1.008629		
7 24 6 1.008629		7 24 8 1.008629		
7 8 6 1.0		7 8 24 1.008629		
8 24 7 1.008629		8 24 9 1.008629		
8 9 7 1.0		8 9 24 1.008629		
9 24 8 1.008629		9 24 10 1.008629		
9 10 8 1.0		9 10 24 1.008629		
10 24 9 1.008629		10 24 11 1.008629		
10 11 9 1.0		10 11 24 1.008629		
11 24 10 1.008629		11 24 12 1.008629		
11 12 10 1.0		11 12 24 1.008629		
12 24 11 1.008629		12 24 13 1.008629		
12 13 11 1.0		12 13 24 1.008629		
13 24 12 1.008629		13 24 14 1.008629		
13 14 12 1.0		13 14 24 1.008629		
14 24 13 1.008629		14 24 15 1.008629		
14 15 13 1.0		14 15 24 1.008629		
15 24 14 1.008629		15 24 16 1.008629		
15 16 14 1.0		15 16 24 1.008629		
16 24 15 1.008629		16 24 17 1.008629		
16 17 15 1.0		16 17 24 1.008629		
17 24 16 1.008629		17 24 18 1.008629		
17 18 16 1.0		17 18 24 1.008629		
18 24 17 1.008629		18 24 19 1.008629		
18 19 17 1.0		18 19 24 1.008629		
19 24 18 1.008629		19 24 20 1.008629		
19 20 18 1.0		19 20 24 1.008629		
20 24 19 1.008629		20 24 21 1.008629		
20 21 19 1.0		20 21 24 1.008629		
21 24 20 1.008629		21 24 22 1.008629		
21 22 20 1.0		21 22 24 1.008629		
22 24 21 1.008629		22 24 23 1.008629		
22 23 21 1.0		22 23 24 1.008629		
23 24 22 1.008629		23 24 0 1.008629		
23 0 22 1.0		23 0 24 1.008629		;
param angleP:=
0 24 1 1.008629		0 24 23 1.008629		
0 1 24 1.008629		0 1 23 1.0		
1 24 2 1.008629		1 24 0 1.008629		
1 2 24 1.008629		1 2 0 1.0		
2 24 3 1.008629		2 24 1 1.008629		
2 3 24 1.008629		2 3 1 1.0		
3 24 4 1.008629		3 24 2 1.008629		
3 4 24 1.008629		3 4 2 1.0		
4 24 5 1.008629		4 24 3 1.008629		
4 5 24 1.008629		4 5 3 1.0		
5 24 6 1.008629		5 24 4 1.008629		
5 6 24 1.008629		5 6 4 1.0		
6 24 7 1.008629		6 24 5 1.008629		
6 7 24 1.008629		6 7 5 1.0		
7 24 8 1.008629		7 24 6 1.008629		
7 8 24 1.008629		7 8 6 1.0		
8 24 9 1.008629		8 24 7 1.008629		
8 9 24 1.008629		8 9 7 1.0		
9 24 10 1.008629		9 24 8 1.008629		
9 10 24 1.008629		9 10 8 1.0		
10 24 11 1.008629		10 24 9 1.008629		
10 11 24 1.008629		10 11 9 1.0		
11 24 12 1.008629		11 24 10 1.008629		
11 12 24 1.008629		11 12 10 1.0		
12 24 13 1.008629		12 24 11 1.008629		
12 13 24 1.008629		12 13 11 1.0		
13 24 14 1.008629		13 24 12 1.008629		
13 14 24 1.008629		13 14 12 1.0		
14 24 15 1.008629		14 24 13 1.008629		
14 15 24 1.008629		14 15 13 1.0		
15 24 16 1.008629		15 24 14 1.008629		
15 16 24 1.008629		15 16 14 1.0		
16 24 17 1.008629		16 24 15 1.008629		
16 17 24 1.008629		16 17 15 1.0		
17 24 18 1.008629		17 24 16 1.008629		
17 18 24 1.008629		17 18 16 1.0		
18 24 19 1.008629		18 24 17 1.008629		
18 19 24 1.008629		18 19 17 1.0		
19 24 20 1.008629		19 24 18 1.008629		
19 20 24 1.008629		19 20 18 1.0		
20 24 21 1.008629		20 24 19 1.008629		
20 21 24 1.008629		20 21 19 1.0		
21 24 22 1.008629		21 24 20 1.008629		
21 22 24 1.008629		21 22 20 1.0		
22 24 23 1.008629		22 24 21 1.008629		
22 23 24 1.008629		22 23 21 1.0		
23 24 0 1.008629		23 24 22 1.008629		
23 0 24 1.008629		23 0 22 1.0		
24 0 1 3.863703		24 0 2 2.0		24 0 3 1.414214		24 0 4 1.154701		24 0 5 1.035276		24 0 6 1.0		24 0 7 1.0		24 0 8 1.0		24 0 9 1.0		24 0 10 1.0		24 0 11 1.0		24 0 12 1.0		24 0 13 1.0		24 0 14 1.0		24 0 15 1.0		24 0 16 1.0		24 0 17 1.0		24 0 18 1.0		24 0 19 1.035276		24 0 20 1.154701		24 0 21 1.414214		24 0 22 2.0		24 0 23 3.863703		
1 0 24 1.008629		1 0 2 1.0		
24 1 0 3.863703		24 1 2 3.863703		24 1 3 2.0		24 1 4 1.414214		24 1 5 1.154701		24 1 6 1.035276		24 1 7 1.0		24 1 8 1.0		24 1 9 1.0		24 1 10 1.0		24 1 11 1.0		24 1 12 1.0		24 1 13 1.0		24 1 14 1.0		24 1 15 1.0		24 1 16 1.0		24 1 17 1.0		24 1 18 1.0		24 1 19 1.0		24 1 20 1.035276		24 1 21 1.154701		24 1 22 1.414214		24 1 23 2.0		
2 1 24 1.008629		2 1 3 1.0		
24 2 0 2.0		24 2 1 3.863703		24 2 3 3.863703		24 2 4 2.0		24 2 5 1.414214		24 2 6 1.154701		24 2 7 1.035276		24 2 8 1.0		24 2 9 1.0		24 2 10 1.0		24 2 11 1.0		24 2 12 1.0		24 2 13 1.0		24 2 14 1.0		24 2 15 1.0		24 2 16 1.0		24 2 17 1.0		24 2 18 1.0		24 2 19 1.0		24 2 20 1.0		24 2 21 1.035276		24 2 22 1.154701		24 2 23 1.414214		
3 2 24 1.008629		3 2 4 1.0		
24 3 0 1.414214		24 3 1 2.0		24 3 2 3.863703		24 3 4 3.863703		24 3 5 2.0		24 3 6 1.414214		24 3 7 1.154701		24 3 8 1.035276		24 3 9 1.0		24 3 10 1.0		24 3 11 1.0		24 3 12 1.0		24 3 13 1.0		24 3 14 1.0		24 3 15 1.0		24 3 16 1.0		24 3 17 1.0		24 3 18 1.0		24 3 19 1.0		24 3 20 1.0		24 3 21 1.0		24 3 22 1.035276		24 3 23 1.154701		
4 3 24 1.008629		4 3 5 1.0		
24 4 0 1.154701		24 4 1 1.414214		24 4 2 2.0		24 4 3 3.863703		24 4 5 3.863703		24 4 6 2.0		24 4 7 1.414214		24 4 8 1.154701		24 4 9 1.035276		24 4 10 1.0		24 4 11 1.0		24 4 12 1.0		24 4 13 1.0		24 4 14 1.0		24 4 15 1.0		24 4 16 1.0		24 4 17 1.0		24 4 18 1.0		24 4 19 1.0		24 4 20 1.0		24 4 21 1.0		24 4 22 1.0		24 4 23 1.035276		
5 4 24 1.008629		5 4 6 1.0		
24 5 0 1.035276		24 5 1 1.154701		24 5 2 1.414214		24 5 3 2.0		24 5 4 3.863703		24 5 6 3.863703		24 5 7 2.0		24 5 8 1.414214		24 5 9 1.154701		24 5 10 1.035276		24 5 11 1.0		24 5 12 1.0		24 5 13 1.0		24 5 14 1.0		24 5 15 1.0		24 5 16 1.0		24 5 17 1.0		24 5 18 1.0		24 5 19 1.0		24 5 20 1.0		24 5 21 1.0		24 5 22 1.0		24 5 23 1.0		
6 5 24 1.008629		6 5 7 1.0		
24 6 0 1.0		24 6 1 1.035276		24 6 2 1.154701		24 6 3 1.414214		24 6 4 2.0		24 6 5 3.863703		24 6 7 3.863703		24 6 8 2.0		24 6 9 1.414214		24 6 10 1.154701		24 6 11 1.035276		24 6 12 1.0		24 6 13 1.0		24 6 14 1.0		24 6 15 1.0		24 6 16 1.0		24 6 17 1.0		24 6 18 1.0		24 6 19 1.0		24 6 20 1.0		24 6 21 1.0		24 6 22 1.0		24 6 23 1.0		
7 6 24 1.008629		7 6 8 1.0		
24 7 0 1.0		24 7 1 1.0		24 7 2 1.035276		24 7 3 1.154701		24 7 4 1.414214		24 7 5 2.0		24 7 6 3.863703		24 7 8 3.863703		24 7 9 2.0		24 7 10 1.414214		24 7 11 1.154701		24 7 12 1.035276		24 7 13 1.0		24 7 14 1.0		24 7 15 1.0		24 7 16 1.0		24 7 17 1.0		24 7 18 1.0		24 7 19 1.0		24 7 20 1.0		24 7 21 1.0		24 7 22 1.0		24 7 23 1.0		
8 7 24 1.008629		8 7 9 1.0		
24 8 0 1.0		24 8 1 1.0		24 8 2 1.0		24 8 3 1.035276		24 8 4 1.154701		24 8 5 1.414214		24 8 6 2.0		24 8 7 3.863703		24 8 9 3.863703		24 8 10 2.0		24 8 11 1.414214		24 8 12 1.154701		24 8 13 1.035276		24 8 14 1.0		24 8 15 1.0		24 8 16 1.0		24 8 17 1.0		24 8 18 1.0		24 8 19 1.0		24 8 20 1.0		24 8 21 1.0		24 8 22 1.0		24 8 23 1.0		
9 8 24 1.008629		9 8 10 1.0		
24 9 0 1.0		24 9 1 1.0		24 9 2 1.0		24 9 3 1.0		24 9 4 1.035276		24 9 5 1.154701		24 9 6 1.414214		24 9 7 2.0		24 9 8 3.863703		24 9 10 3.863703		24 9 11 2.0		24 9 12 1.414214		24 9 13 1.154701		24 9 14 1.035276		24 9 15 1.0		24 9 16 1.0		24 9 17 1.0		24 9 18 1.0		24 9 19 1.0		24 9 20 1.0		24 9 21 1.0		24 9 22 1.0		24 9 23 1.0		
10 9 24 1.008629		10 9 11 1.0		
24 10 0 1.0		24 10 1 1.0		24 10 2 1.0		24 10 3 1.0		24 10 4 1.0		24 10 5 1.035276		24 10 6 1.154701		24 10 7 1.414214		24 10 8 2.0		24 10 9 3.863703		24 10 11 3.863703		24 10 12 2.0		24 10 13 1.414214		24 10 14 1.154701		24 10 15 1.035276		24 10 16 1.0		24 10 17 1.0		24 10 18 1.0		24 10 19 1.0		24 10 20 1.0		24 10 21 1.0		24 10 22 1.0		24 10 23 1.0		
11 10 24 1.008629		11 10 12 1.0		
24 11 0 1.0		24 11 1 1.0		24 11 2 1.0		24 11 3 1.0		24 11 4 1.0		24 11 5 1.0		24 11 6 1.035276		24 11 7 1.154701		24 11 8 1.414214		24 11 9 2.0		24 11 10 3.863703		24 11 12 3.863703		24 11 13 2.0		24 11 14 1.414214		24 11 15 1.154701		24 11 16 1.035276		24 11 17 1.0		24 11 18 1.0		24 11 19 1.0		24 11 20 1.0		24 11 21 1.0		24 11 22 1.0		24 11 23 1.0		
12 11 24 1.008629		12 11 13 1.0		
24 12 0 1.0		24 12 1 1.0		24 12 2 1.0		24 12 3 1.0		24 12 4 1.0		24 12 5 1.0		24 12 6 1.0		24 12 7 1.035276		24 12 8 1.154701		24 12 9 1.414214		24 12 10 2.0		24 12 11 3.863703		24 12 13 3.863703		24 12 14 2.0		24 12 15 1.414214		24 12 16 1.154701		24 12 17 1.035276		24 12 18 1.0		24 12 19 1.0		24 12 20 1.0		24 12 21 1.0		24 12 22 1.0		24 12 23 1.0		
13 12 24 1.008629		13 12 14 1.0		
24 13 0 1.0		24 13 1 1.0		24 13 2 1.0		24 13 3 1.0		24 13 4 1.0		24 13 5 1.0		24 13 6 1.0		24 13 7 1.0		24 13 8 1.035276		24 13 9 1.154701		24 13 10 1.414214		24 13 11 2.0		24 13 12 3.863703		24 13 14 3.863703		24 13 15 2.0		24 13 16 1.414214		24 13 17 1.154701		24 13 18 1.035276		24 13 19 1.0		24 13 20 1.0		24 13 21 1.0		24 13 22 1.0		24 13 23 1.0		
14 13 24 1.008629		14 13 15 1.0		
24 14 0 1.0		24 14 1 1.0		24 14 2 1.0		24 14 3 1.0		24 14 4 1.0		24 14 5 1.0		24 14 6 1.0		24 14 7 1.0		24 14 8 1.0		24 14 9 1.035276		24 14 10 1.154701		24 14 11 1.414214		24 14 12 2.0		24 14 13 3.863703		24 14 15 3.863703		24 14 16 2.0		24 14 17 1.414214		24 14 18 1.154701		24 14 19 1.035276		24 14 20 1.0		24 14 21 1.0		24 14 22 1.0		24 14 23 1.0		
15 14 24 1.008629		15 14 16 1.0		
24 15 0 1.0		24 15 1 1.0		24 15 2 1.0		24 15 3 1.0		24 15 4 1.0		24 15 5 1.0		24 15 6 1.0		24 15 7 1.0		24 15 8 1.0		24 15 9 1.0		24 15 10 1.035276		24 15 11 1.154701		24 15 12 1.414214		24 15 13 2.0		24 15 14 3.863703		24 15 16 3.863703		24 15 17 2.0		24 15 18 1.414214		24 15 19 1.154701		24 15 20 1.035276		24 15 21 1.0		24 15 22 1.0		24 15 23 1.0		
16 15 24 1.008629		16 15 17 1.0		
24 16 0 1.0		24 16 1 1.0		24 16 2 1.0		24 16 3 1.0		24 16 4 1.0		24 16 5 1.0		24 16 6 1.0		24 16 7 1.0		24 16 8 1.0		24 16 9 1.0		24 16 10 1.0		24 16 11 1.035276		24 16 12 1.154701		24 16 13 1.414214		24 16 14 2.0		24 16 15 3.863703		24 16 17 3.863703		24 16 18 2.0		24 16 19 1.414214		24 16 20 1.154701		24 16 21 1.035276		24 16 22 1.0		24 16 23 1.0		
17 16 24 1.008629		17 16 18 1.0		
24 17 0 1.0		24 17 1 1.0		24 17 2 1.0		24 17 3 1.0		24 17 4 1.0		24 17 5 1.0		24 17 6 1.0		24 17 7 1.0		24 17 8 1.0		24 17 9 1.0		24 17 10 1.0		24 17 11 1.0		24 17 12 1.035276		24 17 13 1.154701		24 17 14 1.414214		24 17 15 2.0		24 17 16 3.863703		24 17 18 3.863703		24 17 19 2.0		24 17 20 1.414214		24 17 21 1.154701		24 17 22 1.035276		24 17 23 1.0		
18 17 24 1.008629		18 17 19 1.0		
24 18 0 1.0		24 18 1 1.0		24 18 2 1.0		24 18 3 1.0		24 18 4 1.0		24 18 5 1.0		24 18 6 1.0		24 18 7 1.0		24 18 8 1.0		24 18 9 1.0		24 18 10 1.0		24 18 11 1.0		24 18 12 1.0		24 18 13 1.035276		24 18 14 1.154701		24 18 15 1.414214		24 18 16 2.0		24 18 17 3.863703		24 18 19 3.863703		24 18 20 2.0		24 18 21 1.414214		24 18 22 1.154701		24 18 23 1.035276		
19 18 24 1.008629		19 18 20 1.0		
24 19 0 1.035276		24 19 1 1.0		24 19 2 1.0		24 19 3 1.0		24 19 4 1.0		24 19 5 1.0		24 19 6 1.0		24 19 7 1.0		24 19 8 1.0		24 19 9 1.0		24 19 10 1.0		24 19 11 1.0		24 19 12 1.0		24 19 13 1.0		24 19 14 1.035276		24 19 15 1.154701		24 19 16 1.414214		24 19 17 2.0		24 19 18 3.863703		24 19 20 3.863703		24 19 21 2.0		24 19 22 1.414214		24 19 23 1.154701		
20 19 24 1.008629		20 19 21 1.0		
24 20 0 1.154701		24 20 1 1.035276		24 20 2 1.0		24 20 3 1.0		24 20 4 1.0		24 20 5 1.0		24 20 6 1.0		24 20 7 1.0		24 20 8 1.0		24 20 9 1.0		24 20 10 1.0		24 20 11 1.0		24 20 12 1.0		24 20 13 1.0		24 20 14 1.0		24 20 15 1.035276		24 20 16 1.154701		24 20 17 1.414214		24 20 18 2.0		24 20 19 3.863703		24 20 21 3.863703		24 20 22 2.0		24 20 23 1.414214		
21 20 24 1.008629		21 20 22 1.0		
24 21 0 1.414214		24 21 1 1.154701		24 21 2 1.035276		24 21 3 1.0		24 21 4 1.0		24 21 5 1.0		24 21 6 1.0		24 21 7 1.0		24 21 8 1.0		24 21 9 1.0		24 21 10 1.0		24 21 11 1.0		24 21 12 1.0		24 21 13 1.0		24 21 14 1.0		24 21 15 1.0		24 21 16 1.035276		24 21 17 1.154701		24 21 18 1.414214		24 21 19 2.0		24 21 20 3.863703		24 21 22 3.863703		24 21 23 2.0		
22 21 24 1.008629		22 21 23 1.0		
24 22 0 2.0		24 22 1 1.414214		24 22 2 1.154701		24 22 3 1.035276		24 22 4 1.0		24 22 5 1.0		24 22 6 1.0		24 22 7 1.0		24 22 8 1.0		24 22 9 1.0		24 22 10 1.0		24 22 11 1.0		24 22 12 1.0		24 22 13 1.0		24 22 14 1.0		24 22 15 1.0		24 22 16 1.0		24 22 17 1.035276		24 22 18 1.154701		24 22 19 1.414214		24 22 20 2.0		24 22 21 3.863703		24 22 23 3.863703		
23 22 24 1.008629		23 22 0 1.0		
24 23 0 3.863703		24 23 1 2.0		24 23 2 1.414214		24 23 3 1.154701		24 23 4 1.035276		24 23 5 1.0		24 23 6 1.0		24 23 7 1.0		24 23 8 1.0		24 23 9 1.0		24 23 10 1.0		24 23 11 1.0		24 23 12 1.0		24 23 13 1.0		24 23 14 1.0		24 23 15 1.0		24 23 16 1.0		24 23 17 1.0		24 23 18 1.035276		24 23 19 1.154701		24 23 20 1.414214		24 23 21 2.0		24 23 22 3.863703		
0 23 24 1.008629		0 23 1 1.0		;
param anglePM:=
0 24 23 1.008629		0 24 1 1.008629		
0 1 23 1.0		0 1 24 1.008629		
1 24 0 1.008629		1 24 2 1.008629		
1 2 0 1.0		1 2 24 1.008629		
2 24 1 1.008629		2 24 3 1.008629		
2 3 1 1.0		2 3 24 1.008629		
3 24 2 1.008629		3 24 4 1.008629		
3 4 2 1.0		3 4 24 1.008629		
4 24 3 1.008629		4 24 5 1.008629		
4 5 3 1.0		4 5 24 1.008629		
5 24 4 1.008629		5 24 6 1.008629		
5 6 4 1.0		5 6 24 1.008629		
6 24 5 1.008629		6 24 7 1.008629		
6 7 5 1.0		6 7 24 1.008629		
7 24 6 1.008629		7 24 8 1.008629		
7 8 6 1.0		7 8 24 1.008629		
8 24 7 1.008629		8 24 9 1.008629		
8 9 7 1.0		8 9 24 1.008629		
9 24 8 1.008629		9 24 10 1.008629		
9 10 8 1.0		9 10 24 1.008629		
10 24 9 1.008629		10 24 11 1.008629		
10 11 9 1.0		10 11 24 1.008629		
11 24 10 1.008629		11 24 12 1.008629		
11 12 10 1.0		11 12 24 1.008629		
12 24 11 1.008629		12 24 13 1.008629		
12 13 11 1.0		12 13 24 1.008629		
13 24 12 1.008629		13 24 14 1.008629		
13 14 12 1.0		13 14 24 1.008629		
14 24 13 1.008629		14 24 15 1.008629		
14 15 13 1.0		14 15 24 1.008629		
15 24 14 1.008629		15 24 16 1.008629		
15 16 14 1.0		15 16 24 1.008629		
16 24 15 1.008629		16 24 17 1.008629		
16 17 15 1.0		16 17 24 1.008629		
17 24 16 1.008629		17 24 18 1.008629		
17 18 16 1.0		17 18 24 1.008629		
18 24 17 1.008629		18 24 19 1.008629		
18 19 17 1.0		18 19 24 1.008629		
19 24 18 1.008629		19 24 20 1.008629		
19 20 18 1.0		19 20 24 1.008629		
20 24 19 1.008629		20 24 21 1.008629		
20 21 19 1.0		20 21 24 1.008629		
21 24 20 1.008629		21 24 22 1.008629		
21 22 20 1.0		21 22 24 1.008629		
22 24 21 1.008629		22 24 23 1.008629		
22 23 21 1.0		22 23 24 1.008629		
23 24 22 1.008629		23 24 0 1.008629		
23 0 22 1.0		23 0 24 1.008629		
24 0 1 3.863703		24 0 2 2.0		24 0 3 1.414214		24 0 4 1.154701		24 0 5 1.035276		24 0 6 1.0		24 0 7 1.0		24 0 8 1.0		24 0 9 1.0		24 0 10 1.0		24 0 11 1.0		24 0 12 1.0		24 0 13 1.0		24 0 14 1.0		24 0 15 1.0		24 0 16 1.0		24 0 17 1.0		24 0 18 1.0		24 0 19 1.035276		24 0 20 1.154701		24 0 21 1.414214		24 0 22 2.0		24 0 23 3.863703		
1 0 24 1.008629		1 0 2 1.0		
24 1 0 3.863703		24 1 2 3.863703		24 1 3 2.0		24 1 4 1.414214		24 1 5 1.154701		24 1 6 1.035276		24 1 7 1.0		24 1 8 1.0		24 1 9 1.0		24 1 10 1.0		24 1 11 1.0		24 1 12 1.0		24 1 13 1.0		24 1 14 1.0		24 1 15 1.0		24 1 16 1.0		24 1 17 1.0		24 1 18 1.0		24 1 19 1.0		24 1 20 1.035276		24 1 21 1.154701		24 1 22 1.414214		24 1 23 2.0		
2 1 24 1.008629		2 1 3 1.0		
24 2 0 2.0		24 2 1 3.863703		24 2 3 3.863703		24 2 4 2.0		24 2 5 1.414214		24 2 6 1.154701		24 2 7 1.035276		24 2 8 1.0		24 2 9 1.0		24 2 10 1.0		24 2 11 1.0		24 2 12 1.0		24 2 13 1.0		24 2 14 1.0		24 2 15 1.0		24 2 16 1.0		24 2 17 1.0		24 2 18 1.0		24 2 19 1.0		24 2 20 1.0		24 2 21 1.035276		24 2 22 1.154701		24 2 23 1.414214		
3 2 24 1.008629		3 2 4 1.0		
24 3 0 1.414214		24 3 1 2.0		24 3 2 3.863703		24 3 4 3.863703		24 3 5 2.0		24 3 6 1.414214		24 3 7 1.154701		24 3 8 1.035276		24 3 9 1.0		24 3 10 1.0		24 3 11 1.0		24 3 12 1.0		24 3 13 1.0		24 3 14 1.0		24 3 15 1.0		24 3 16 1.0		24 3 17 1.0		24 3 18 1.0		24 3 19 1.0		24 3 20 1.0		24 3 21 1.0		24 3 22 1.035276		24 3 23 1.154701		
4 3 24 1.008629		4 3 5 1.0		
24 4 0 1.154701		24 4 1 1.414214		24 4 2 2.0		24 4 3 3.863703		24 4 5 3.863703		24 4 6 2.0		24 4 7 1.414214		24 4 8 1.154701		24 4 9 1.035276		24 4 10 1.0		24 4 11 1.0		24 4 12 1.0		24 4 13 1.0		24 4 14 1.0		24 4 15 1.0		24 4 16 1.0		24 4 17 1.0		24 4 18 1.0		24 4 19 1.0		24 4 20 1.0		24 4 21 1.0		24 4 22 1.0		24 4 23 1.035276		
5 4 24 1.008629		5 4 6 1.0		
24 5 0 1.035276		24 5 1 1.154701		24 5 2 1.414214		24 5 3 2.0		24 5 4 3.863703		24 5 6 3.863703		24 5 7 2.0		24 5 8 1.414214		24 5 9 1.154701		24 5 10 1.035276		24 5 11 1.0		24 5 12 1.0		24 5 13 1.0		24 5 14 1.0		24 5 15 1.0		24 5 16 1.0		24 5 17 1.0		24 5 18 1.0		24 5 19 1.0		24 5 20 1.0		24 5 21 1.0		24 5 22 1.0		24 5 23 1.0		
6 5 24 1.008629		6 5 7 1.0		
24 6 0 1.0		24 6 1 1.035276		24 6 2 1.154701		24 6 3 1.414214		24 6 4 2.0		24 6 5 3.863703		24 6 7 3.863703		24 6 8 2.0		24 6 9 1.414214		24 6 10 1.154701		24 6 11 1.035276		24 6 12 1.0		24 6 13 1.0		24 6 14 1.0		24 6 15 1.0		24 6 16 1.0		24 6 17 1.0		24 6 18 1.0		24 6 19 1.0		24 6 20 1.0		24 6 21 1.0		24 6 22 1.0		24 6 23 1.0		
7 6 24 1.008629		7 6 8 1.0		
24 7 0 1.0		24 7 1 1.0		24 7 2 1.035276		24 7 3 1.154701		24 7 4 1.414214		24 7 5 2.0		24 7 6 3.863703		24 7 8 3.863703		24 7 9 2.0		24 7 10 1.414214		24 7 11 1.154701		24 7 12 1.035276		24 7 13 1.0		24 7 14 1.0		24 7 15 1.0		24 7 16 1.0		24 7 17 1.0		24 7 18 1.0		24 7 19 1.0		24 7 20 1.0		24 7 21 1.0		24 7 22 1.0		24 7 23 1.0		
8 7 24 1.008629		8 7 9 1.0		
24 8 0 1.0		24 8 1 1.0		24 8 2 1.0		24 8 3 1.035276		24 8 4 1.154701		24 8 5 1.414214		24 8 6 2.0		24 8 7 3.863703		24 8 9 3.863703		24 8 10 2.0		24 8 11 1.414214		24 8 12 1.154701		24 8 13 1.035276		24 8 14 1.0		24 8 15 1.0		24 8 16 1.0		24 8 17 1.0		24 8 18 1.0		24 8 19 1.0		24 8 20 1.0		24 8 21 1.0		24 8 22 1.0		24 8 23 1.0		
9 8 24 1.008629		9 8 10 1.0		
24 9 0 1.0		24 9 1 1.0		24 9 2 1.0		24 9 3 1.0		24 9 4 1.035276		24 9 5 1.154701		24 9 6 1.414214		24 9 7 2.0		24 9 8 3.863703		24 9 10 3.863703		24 9 11 2.0		24 9 12 1.414214		24 9 13 1.154701		24 9 14 1.035276		24 9 15 1.0		24 9 16 1.0		24 9 17 1.0		24 9 18 1.0		24 9 19 1.0		24 9 20 1.0		24 9 21 1.0		24 9 22 1.0		24 9 23 1.0		
10 9 24 1.008629		10 9 11 1.0		
24 10 0 1.0		24 10 1 1.0		24 10 2 1.0		24 10 3 1.0		24 10 4 1.0		24 10 5 1.035276		24 10 6 1.154701		24 10 7 1.414214		24 10 8 2.0		24 10 9 3.863703		24 10 11 3.863703		24 10 12 2.0		24 10 13 1.414214		24 10 14 1.154701		24 10 15 1.035276		24 10 16 1.0		24 10 17 1.0		24 10 18 1.0		24 10 19 1.0		24 10 20 1.0		24 10 21 1.0		24 10 22 1.0		24 10 23 1.0		
11 10 24 1.008629		11 10 12 1.0		
24 11 0 1.0		24 11 1 1.0		24 11 2 1.0		24 11 3 1.0		24 11 4 1.0		24 11 5 1.0		24 11 6 1.035276		24 11 7 1.154701		24 11 8 1.414214		24 11 9 2.0		24 11 10 3.863703		24 11 12 3.863703		24 11 13 2.0		24 11 14 1.414214		24 11 15 1.154701		24 11 16 1.035276		24 11 17 1.0		24 11 18 1.0		24 11 19 1.0		24 11 20 1.0		24 11 21 1.0		24 11 22 1.0		24 11 23 1.0		
12 11 24 1.008629		12 11 13 1.0		
24 12 0 1.0		24 12 1 1.0		24 12 2 1.0		24 12 3 1.0		24 12 4 1.0		24 12 5 1.0		24 12 6 1.0		24 12 7 1.035276		24 12 8 1.154701		24 12 9 1.414214		24 12 10 2.0		24 12 11 3.863703		24 12 13 3.863703		24 12 14 2.0		24 12 15 1.414214		24 12 16 1.154701		24 12 17 1.035276		24 12 18 1.0		24 12 19 1.0		24 12 20 1.0		24 12 21 1.0		24 12 22 1.0		24 12 23 1.0		
13 12 24 1.008629		13 12 14 1.0		
24 13 0 1.0		24 13 1 1.0		24 13 2 1.0		24 13 3 1.0		24 13 4 1.0		24 13 5 1.0		24 13 6 1.0		24 13 7 1.0		24 13 8 1.035276		24 13 9 1.154701		24 13 10 1.414214		24 13 11 2.0		24 13 12 3.863703		24 13 14 3.863703		24 13 15 2.0		24 13 16 1.414214		24 13 17 1.154701		24 13 18 1.035276		24 13 19 1.0		24 13 20 1.0		24 13 21 1.0		24 13 22 1.0		24 13 23 1.0		
14 13 24 1.008629		14 13 15 1.0		
24 14 0 1.0		24 14 1 1.0		24 14 2 1.0		24 14 3 1.0		24 14 4 1.0		24 14 5 1.0		24 14 6 1.0		24 14 7 1.0		24 14 8 1.0		24 14 9 1.035276		24 14 10 1.154701		24 14 11 1.414214		24 14 12 2.0		24 14 13 3.863703		24 14 15 3.863703		24 14 16 2.0		24 14 17 1.414214		24 14 18 1.154701		24 14 19 1.035276		24 14 20 1.0		24 14 21 1.0		24 14 22 1.0		24 14 23 1.0		
15 14 24 1.008629		15 14 16 1.0		
24 15 0 1.0		24 15 1 1.0		24 15 2 1.0		24 15 3 1.0		24 15 4 1.0		24 15 5 1.0		24 15 6 1.0		24 15 7 1.0		24 15 8 1.0		24 15 9 1.0		24 15 10 1.035276		24 15 11 1.154701		24 15 12 1.414214		24 15 13 2.0		24 15 14 3.863703		24 15 16 3.863703		24 15 17 2.0		24 15 18 1.414214		24 15 19 1.154701		24 15 20 1.035276		24 15 21 1.0		24 15 22 1.0		24 15 23 1.0		
16 15 24 1.008629		16 15 17 1.0		
24 16 0 1.0		24 16 1 1.0		24 16 2 1.0		24 16 3 1.0		24 16 4 1.0		24 16 5 1.0		24 16 6 1.0		24 16 7 1.0		24 16 8 1.0		24 16 9 1.0		24 16 10 1.0		24 16 11 1.035276		24 16 12 1.154701		24 16 13 1.414214		24 16 14 2.0		24 16 15 3.863703		24 16 17 3.863703		24 16 18 2.0		24 16 19 1.414214		24 16 20 1.154701		24 16 21 1.035276		24 16 22 1.0		24 16 23 1.0		
17 16 24 1.008629		17 16 18 1.0		
24 17 0 1.0		24 17 1 1.0		24 17 2 1.0		24 17 3 1.0		24 17 4 1.0		24 17 5 1.0		24 17 6 1.0		24 17 7 1.0		24 17 8 1.0		24 17 9 1.0		24 17 10 1.0		24 17 11 1.0		24 17 12 1.035276		24 17 13 1.154701		24 17 14 1.414214		24 17 15 2.0		24 17 16 3.863703		24 17 18 3.863703		24 17 19 2.0		24 17 20 1.414214		24 17 21 1.154701		24 17 22 1.035276		24 17 23 1.0		
18 17 24 1.008629		18 17 19 1.0		
24 18 0 1.0		24 18 1 1.0		24 18 2 1.0		24 18 3 1.0		24 18 4 1.0		24 18 5 1.0		24 18 6 1.0		24 18 7 1.0		24 18 8 1.0		24 18 9 1.0		24 18 10 1.0		24 18 11 1.0		24 18 12 1.0		24 18 13 1.035276		24 18 14 1.154701		24 18 15 1.414214		24 18 16 2.0		24 18 17 3.863703		24 18 19 3.863703		24 18 20 2.0		24 18 21 1.414214		24 18 22 1.154701		24 18 23 1.035276		
19 18 24 1.008629		19 18 20 1.0		
24 19 0 1.035276		24 19 1 1.0		24 19 2 1.0		24 19 3 1.0		24 19 4 1.0		24 19 5 1.0		24 19 6 1.0		24 19 7 1.0		24 19 8 1.0		24 19 9 1.0		24 19 10 1.0		24 19 11 1.0		24 19 12 1.0		24 19 13 1.0		24 19 14 1.035276		24 19 15 1.154701		24 19 16 1.414214		24 19 17 2.0		24 19 18 3.863703		24 19 20 3.863703		24 19 21 2.0		24 19 22 1.414214		24 19 23 1.154701		
20 19 24 1.008629		20 19 21 1.0		
24 20 0 1.154701		24 20 1 1.035276		24 20 2 1.0		24 20 3 1.0		24 20 4 1.0		24 20 5 1.0		24 20 6 1.0		24 20 7 1.0		24 20 8 1.0		24 20 9 1.0		24 20 10 1.0		24 20 11 1.0		24 20 12 1.0		24 20 13 1.0		24 20 14 1.0		24 20 15 1.035276		24 20 16 1.154701		24 20 17 1.414214		24 20 18 2.0		24 20 19 3.863703		24 20 21 3.863703		24 20 22 2.0		24 20 23 1.414214		
21 20 24 1.008629		21 20 22 1.0		
24 21 0 1.414214		24 21 1 1.154701		24 21 2 1.035276		24 21 3 1.0		24 21 4 1.0		24 21 5 1.0		24 21 6 1.0		24 21 7 1.0		24 21 8 1.0		24 21 9 1.0		24 21 10 1.0		24 21 11 1.0		24 21 12 1.0		24 21 13 1.0		24 21 14 1.0		24 21 15 1.0		24 21 16 1.035276		24 21 17 1.154701		24 21 18 1.414214		24 21 19 2.0		24 21 20 3.863703		24 21 22 3.863703		24 21 23 2.0		
22 21 24 1.008629		22 21 23 1.0		
24 22 0 2.0		24 22 1 1.414214		24 22 2 1.154701		24 22 3 1.035276		24 22 4 1.0		24 22 5 1.0		24 22 6 1.0		24 22 7 1.0		24 22 8 1.0		24 22 9 1.0		24 22 10 1.0		24 22 11 1.0		24 22 12 1.0		24 22 13 1.0		24 22 14 1.0		24 22 15 1.0		24 22 16 1.0		24 22 17 1.035276		24 22 18 1.154701		24 22 19 1.414214		24 22 20 2.0		24 22 21 3.863703		24 22 23 3.863703		
23 22 24 1.008629		23 22 0 1.0		
24 23 0 3.863703		24 23 1 2.0		24 23 2 1.414214		24 23 3 1.154701		24 23 4 1.035276		24 23 5 1.0		24 23 6 1.0		24 23 7 1.0		24 23 8 1.0		24 23 9 1.0		24 23 10 1.0		24 23 11 1.0		24 23 12 1.0		24 23 13 1.0		24 23 14 1.0		24 23 15 1.0		24 23 16 1.0		24 23 17 1.0		24 23 18 1.035276		24 23 19 1.154701		24 23 20 1.414214		24 23 21 2.0		24 23 22 3.863703		
0 23 24 1.008629		0 23 1 1.0		;
param D:=2 ;
param t_hat_ear: 0 1 2 3 4 5 6 7 8 9 10 11 12 13 14 15 16 17 18 19 20 21 22 23 24 :=
0 0 0 0 0 0 0 0 0 0 0 0 0 0 0 0 0 0 0 0 0 0 0 0 0 0
1 0 0 0 0 0 0 0 0 0 0 0 0 0 0 0 0 0 0 0 0 0 0 0 0 0
2 0 0 0 0 0 0 0 0 0 0 0 0 0 0 0 0 0 0 0 0 0 0 0 0 0
3 0 0 0 0 0 0 0 0 0 0 0 0 0 0 0 0 0 0 0 0 0 0 0 0 0
4 0 0 0 0 0 0 0 0 0 0 0 0 0 0 0 0 0 0 0 0 0 0 0 0 0
5 0 0 0 0 0 0 0 0 0 0 0 0 0 0 0 0 0 0 0 0 0 0 0 0 0
6 0 0 0 0 0 0 0 0 0 0 0 0 0 0 0 0 0 0 0 0 0 0 0 0 0
7 0 0 0 0 0 0 0 0 0 0 0 0 0 0 0 0 0 0 0 0 0 0 0 0 0
8 0 0 0 0 0 0 0 0 0 0 0 0 0 0 0 0 0 0 0 0 0 0 0 0 0
9 0 0 0 0 0 0 0 0 0 0 0 0 0 0 0 0 0 0 0 0 0 0 0 0 0
10 0 0 0 0 0 0 0 0 0 0 0 0 0 0 0 0 0 0 0 0 0 0 0 0 0
11 0 0 0 0 0 0 0 0 0 0 0 0 0 0 0 0 0 0 0 0 0 0 0 0 0
12 0 0 0 0 0 0 0 0 0 0 0 0 0 0 0 0 0 0 0 0 0 0 0 0 0
13 0 0 0 0 0 0 0 0 0 0 0 0 0 0 0 0 0 0 0 0 0 0 0 0 0
14 0 0 0 0 0 0 0 0 0 0 0 0 0 0 0 0 0 0 0 0 0 0 0 0 0 ;
param t_hat_lat: 0 1 2 3 4 5 6 7 8 9 10 11 12 13 14 15 16 17 18 19 20 21 22 23 24 :=
0 2 2 2 2 2 2 2 2 2 2 2 2 2 2 2 2 2 2 2 2 2 2 2 2 2
1 2 2 2 2 2 2 2 2 2 2 2 2 2 2 2 2 2 2 2 2 2 2 2 2 2
2 2 2 2 2 2 2 2 2 2 2 2 2 2 2 2 2 2 2 2 2 2 2 2 2 2
3 2 2 2 2 2 2 2 2 2 2 2 2 2 2 2 2 2 2 2 2 2 2 2 2 2
4 2 2 2 2 2 2 2 2 2 2 2 2 2 2 2 2 2 2 2 2 2 2 2 2 2
5 2 2 2 2 2 2 2 2 2 2 2 2 2 2 2 2 2 2 2 2 2 2 2 2 2
6 2 2 2 2 2 2 2 2 2 2 2 2 2 2 2 2 2 2 2 2 2 2 2 2 2
7 2 2 2 2 2 2 2 2 2 2 2 2 2 2 2 2 2 2 2 2 2 2 2 2 2
8 2 2 2 2 2 2 2 2 2 2 2 2 2 2 2 2 2 2 2 2 2 2 2 2 2
9 2 2 2 2 2 2 2 2 2 2 2 2 2 2 2 2 2 2 2 2 2 2 2 2 2
10 2 2 2 2 2 2 2 2 2 2 2 2 2 2 2 2 2 2 2 2 2 2 2 2 2
11 2 2 2 2 2 2 2 2 2 2 2 2 2 2 2 2 2 2 2 2 2 2 2 2 2
12 2 2 2 2 2 2 2 2 2 2 2 2 2 2 2 2 2 2 2 2 2 2 2 2 2
13 2 2 2 2 2 2 2 2 2 2 2 2 2 2 2 2 2 2 2 2 2 2 2 2 2
14 2 2 2 2 2 2 2 2 2 2 2 2 2 2 2 2 2 2 2 2 2 2 2 2 2 ;
