param nf:= 15 ;
param nn:= 50 ;
param: E: d:=
 0 1 10
 0 5 10
 1 2 10
 1 6 10
 2 3 10
 2 7 10
 3 4 10
 3 8 10
 4 9 10
 5 6 10
 5 10 10
 6 7 10
 6 11 10
 7 8 10
 7 12 10
 8 9 10
 8 13 10
 9 14 10
 10 11 10
 10 15 10
 11 12 10
 11 16 10
 12 13 10
 12 17 10
 13 14 10
 13 18 10
 14 19 10
 15 16 10
 15 20 10
 16 17 10
 16 21 10
 17 18 10
 17 22 10
 18 19 10
 18 23 10
 19 24 10
 20 21 10
 21 22 10
 22 23 10
 23 24 10
 25 26 10
 25 30 10
 26 27 10
 26 31 10
 27 28 10
 27 32 10
 28 29 10
 28 33 10
 29 34 10
 30 31 10
 30 35 10
 31 32 10
 31 36 10
 32 33 10
 32 37 10
 33 34 10
 33 38 10
 34 39 10
 35 36 10
 35 40 10
 36 37 10
 36 41 10
 37 38 10
 37 42 10
 38 39 10
 38 43 10
 39 44 10
 40 41 10
 40 45 10
 41 42 10
 41 46 10
 42 43 10
 42 47 10
 43 44 10
 43 48 10
 44 49 10
 45 46 10
 46 47 10
 47 48 10
 48 49 10
 1 0 10
 5 0 10
 2 1 10
 6 1 10
 3 2 10
 7 2 10
 4 3 10
 8 3 10
 9 4 10
 6 5 10
 10 5 10
 7 6 10
 11 6 10
 8 7 10
 12 7 10
 9 8 10
 13 8 10
 14 9 10
 11 10 10
 15 10 10
 12 11 10
 16 11 10
 13 12 10
 17 12 10
 14 13 10
 18 13 10
 19 14 10
 16 15 10
 20 15 10
 17 16 10
 21 16 10
 18 17 10
 22 17 10
 19 18 10
 23 18 10
 24 19 10
 21 20 10
 22 21 10
 23 22 10
 24 23 10
 26 25 10
 30 25 10
 27 26 10
 31 26 10
 28 27 10
 32 27 10
 29 28 10
 33 28 10
 34 29 10
 31 30 10
 35 30 10
 32 31 10
 36 31 10
 33 32 10
 37 32 10
 34 33 10
 38 33 10
 39 34 10
 36 35 10
 40 35 10
 37 36 10
 41 36 10
 38 37 10
 42 37 10
 39 38 10
 43 38 10
 44 39 10
 41 40 10
 45 40 10
 42 41 10
 46 41 10
 43 42 10
 47 42 10
 44 43 10
 48 43 10
 49 44 10
 46 45 10
 47 46 10
 48 47 10
 49 48 10
 20 25 10
 29 24 10;
param s:=
0 15
1 6
2 25
3 9
4 4
5 25
6 18
7 3
8 33
9 23
10 49
11 6
12 13
13 41
14 17 ;
param e:=
0 19
1 46
2 30
3 5
4 1
5 35
6 48
7 14
8 34
9 17
10 11
11 16
12 1
13 16
14 12 ;
param v_min:=
0 0 1 1		0 0 5 1		0 1 2 1		0 1 6 1		0 2 3 1		0 2 7 1		0 3 4 1		0 3 8 1		0 4 9 1		0 5 6 1		0 5 10 1		0 6 7 1		0 6 11 1		0 7 8 1		0 7 12 1		0 8 9 1		0 8 13 1		0 9 14 1		0 10 11 1		0 10 15 1		0 11 12 1		0 11 16 1		0 12 13 1		0 12 17 1		0 13 14 1		0 13 18 1		0 14 19 1		0 15 16 1		0 15 20 1		0 16 17 1		0 16 21 1		0 17 18 1		0 17 22 1		0 18 19 1		0 18 23 1		0 19 24 1		0 20 21 1		0 21 22 1		0 22 23 1		0 23 24 1		0 25 26 1		0 25 30 1		0 26 27 1		0 26 31 1		0 27 28 1		0 27 32 1		0 28 29 1		0 28 33 1		0 29 34 1		0 30 31 1		0 30 35 1		0 31 32 1		0 31 36 1		0 32 33 1		0 32 37 1		0 33 34 1		0 33 38 1		0 34 39 1		0 35 36 1		0 35 40 1		0 36 37 1		0 36 41 1		0 37 38 1		0 37 42 1		0 38 39 1		0 38 43 1		0 39 44 1		0 40 41 1		0 40 45 1		0 41 42 1		0 41 46 1		0 42 43 1		0 42 47 1		0 43 44 1		0 43 48 1		0 44 49 1		0 45 46 1		0 46 47 1		0 47 48 1		0 48 49 1		0 1 0 1		0 5 0 1		0 2 1 1		0 6 1 1		0 3 2 1		0 7 2 1		0 4 3 1		0 8 3 1		0 9 4 1		0 6 5 1		0 10 5 1		0 7 6 1		0 11 6 1		0 8 7 1		0 12 7 1		0 9 8 1		0 13 8 1		0 14 9 1		0 11 10 1		0 15 10 1		0 12 11 1		0 16 11 1		0 13 12 1		0 17 12 1		0 14 13 1		0 18 13 1		0 19 14 1		0 16 15 1		0 20 15 1		0 17 16 1		0 21 16 1		0 18 17 1		0 22 17 1		0 19 18 1		0 23 18 1		0 24 19 1		0 21 20 1		0 22 21 1		0 23 22 1		0 24 23 1		0 26 25 1		0 30 25 1		0 27 26 1		0 31 26 1		0 28 27 1		0 32 27 1		0 29 28 1		0 33 28 1		0 34 29 1		0 31 30 1		0 35 30 1		0 32 31 1		0 36 31 1		0 33 32 1		0 37 32 1		0 34 33 1		0 38 33 1		0 39 34 1		0 36 35 1		0 40 35 1		0 37 36 1		0 41 36 1		0 38 37 1		0 42 37 1		0 39 38 1		0 43 38 1		0 44 39 1		0 41 40 1		0 45 40 1		0 42 41 1		0 46 41 1		0 43 42 1		0 47 42 1		0 44 43 1		0 48 43 1		0 49 44 1		0 46 45 1		0 47 46 1		0 48 47 1		0 49 48 1		0 20 25 1		0 29 24 1		
1 0 1 1		1 0 5 1		1 1 2 1		1 1 6 1		1 2 3 1		1 2 7 1		1 3 4 1		1 3 8 1		1 4 9 1		1 5 6 1		1 5 10 1		1 6 7 1		1 6 11 1		1 7 8 1		1 7 12 1		1 8 9 1		1 8 13 1		1 9 14 1		1 10 11 1		1 10 15 1		1 11 12 1		1 11 16 1		1 12 13 1		1 12 17 1		1 13 14 1		1 13 18 1		1 14 19 1		1 15 16 1		1 15 20 1		1 16 17 1		1 16 21 1		1 17 18 1		1 17 22 1		1 18 19 1		1 18 23 1		1 19 24 1		1 20 21 1		1 21 22 1		1 22 23 1		1 23 24 1		1 25 26 1		1 25 30 1		1 26 27 1		1 26 31 1		1 27 28 1		1 27 32 1		1 28 29 1		1 28 33 1		1 29 34 1		1 30 31 1		1 30 35 1		1 31 32 1		1 31 36 1		1 32 33 1		1 32 37 1		1 33 34 1		1 33 38 1		1 34 39 1		1 35 36 1		1 35 40 1		1 36 37 1		1 36 41 1		1 37 38 1		1 37 42 1		1 38 39 1		1 38 43 1		1 39 44 1		1 40 41 1		1 40 45 1		1 41 42 1		1 41 46 1		1 42 43 1		1 42 47 1		1 43 44 1		1 43 48 1		1 44 49 1		1 45 46 1		1 46 47 1		1 47 48 1		1 48 49 1		1 1 0 1		1 5 0 1		1 2 1 1		1 6 1 1		1 3 2 1		1 7 2 1		1 4 3 1		1 8 3 1		1 9 4 1		1 6 5 1		1 10 5 1		1 7 6 1		1 11 6 1		1 8 7 1		1 12 7 1		1 9 8 1		1 13 8 1		1 14 9 1		1 11 10 1		1 15 10 1		1 12 11 1		1 16 11 1		1 13 12 1		1 17 12 1		1 14 13 1		1 18 13 1		1 19 14 1		1 16 15 1		1 20 15 1		1 17 16 1		1 21 16 1		1 18 17 1		1 22 17 1		1 19 18 1		1 23 18 1		1 24 19 1		1 21 20 1		1 22 21 1		1 23 22 1		1 24 23 1		1 26 25 1		1 30 25 1		1 27 26 1		1 31 26 1		1 28 27 1		1 32 27 1		1 29 28 1		1 33 28 1		1 34 29 1		1 31 30 1		1 35 30 1		1 32 31 1		1 36 31 1		1 33 32 1		1 37 32 1		1 34 33 1		1 38 33 1		1 39 34 1		1 36 35 1		1 40 35 1		1 37 36 1		1 41 36 1		1 38 37 1		1 42 37 1		1 39 38 1		1 43 38 1		1 44 39 1		1 41 40 1		1 45 40 1		1 42 41 1		1 46 41 1		1 43 42 1		1 47 42 1		1 44 43 1		1 48 43 1		1 49 44 1		1 46 45 1		1 47 46 1		1 48 47 1		1 49 48 1		1 20 25 1		1 29 24 1		
2 0 1 1		2 0 5 1		2 1 2 1		2 1 6 1		2 2 3 1		2 2 7 1		2 3 4 1		2 3 8 1		2 4 9 1		2 5 6 1		2 5 10 1		2 6 7 1		2 6 11 1		2 7 8 1		2 7 12 1		2 8 9 1		2 8 13 1		2 9 14 1		2 10 11 1		2 10 15 1		2 11 12 1		2 11 16 1		2 12 13 1		2 12 17 1		2 13 14 1		2 13 18 1		2 14 19 1		2 15 16 1		2 15 20 1		2 16 17 1		2 16 21 1		2 17 18 1		2 17 22 1		2 18 19 1		2 18 23 1		2 19 24 1		2 20 21 1		2 21 22 1		2 22 23 1		2 23 24 1		2 25 26 1		2 25 30 1		2 26 27 1		2 26 31 1		2 27 28 1		2 27 32 1		2 28 29 1		2 28 33 1		2 29 34 1		2 30 31 1		2 30 35 1		2 31 32 1		2 31 36 1		2 32 33 1		2 32 37 1		2 33 34 1		2 33 38 1		2 34 39 1		2 35 36 1		2 35 40 1		2 36 37 1		2 36 41 1		2 37 38 1		2 37 42 1		2 38 39 1		2 38 43 1		2 39 44 1		2 40 41 1		2 40 45 1		2 41 42 1		2 41 46 1		2 42 43 1		2 42 47 1		2 43 44 1		2 43 48 1		2 44 49 1		2 45 46 1		2 46 47 1		2 47 48 1		2 48 49 1		2 1 0 1		2 5 0 1		2 2 1 1		2 6 1 1		2 3 2 1		2 7 2 1		2 4 3 1		2 8 3 1		2 9 4 1		2 6 5 1		2 10 5 1		2 7 6 1		2 11 6 1		2 8 7 1		2 12 7 1		2 9 8 1		2 13 8 1		2 14 9 1		2 11 10 1		2 15 10 1		2 12 11 1		2 16 11 1		2 13 12 1		2 17 12 1		2 14 13 1		2 18 13 1		2 19 14 1		2 16 15 1		2 20 15 1		2 17 16 1		2 21 16 1		2 18 17 1		2 22 17 1		2 19 18 1		2 23 18 1		2 24 19 1		2 21 20 1		2 22 21 1		2 23 22 1		2 24 23 1		2 26 25 1		2 30 25 1		2 27 26 1		2 31 26 1		2 28 27 1		2 32 27 1		2 29 28 1		2 33 28 1		2 34 29 1		2 31 30 1		2 35 30 1		2 32 31 1		2 36 31 1		2 33 32 1		2 37 32 1		2 34 33 1		2 38 33 1		2 39 34 1		2 36 35 1		2 40 35 1		2 37 36 1		2 41 36 1		2 38 37 1		2 42 37 1		2 39 38 1		2 43 38 1		2 44 39 1		2 41 40 1		2 45 40 1		2 42 41 1		2 46 41 1		2 43 42 1		2 47 42 1		2 44 43 1		2 48 43 1		2 49 44 1		2 46 45 1		2 47 46 1		2 48 47 1		2 49 48 1		2 20 25 1		2 29 24 1		
3 0 1 1		3 0 5 1		3 1 2 1		3 1 6 1		3 2 3 1		3 2 7 1		3 3 4 1		3 3 8 1		3 4 9 1		3 5 6 1		3 5 10 1		3 6 7 1		3 6 11 1		3 7 8 1		3 7 12 1		3 8 9 1		3 8 13 1		3 9 14 1		3 10 11 1		3 10 15 1		3 11 12 1		3 11 16 1		3 12 13 1		3 12 17 1		3 13 14 1		3 13 18 1		3 14 19 1		3 15 16 1		3 15 20 1		3 16 17 1		3 16 21 1		3 17 18 1		3 17 22 1		3 18 19 1		3 18 23 1		3 19 24 1		3 20 21 1		3 21 22 1		3 22 23 1		3 23 24 1		3 25 26 1		3 25 30 1		3 26 27 1		3 26 31 1		3 27 28 1		3 27 32 1		3 28 29 1		3 28 33 1		3 29 34 1		3 30 31 1		3 30 35 1		3 31 32 1		3 31 36 1		3 32 33 1		3 32 37 1		3 33 34 1		3 33 38 1		3 34 39 1		3 35 36 1		3 35 40 1		3 36 37 1		3 36 41 1		3 37 38 1		3 37 42 1		3 38 39 1		3 38 43 1		3 39 44 1		3 40 41 1		3 40 45 1		3 41 42 1		3 41 46 1		3 42 43 1		3 42 47 1		3 43 44 1		3 43 48 1		3 44 49 1		3 45 46 1		3 46 47 1		3 47 48 1		3 48 49 1		3 1 0 1		3 5 0 1		3 2 1 1		3 6 1 1		3 3 2 1		3 7 2 1		3 4 3 1		3 8 3 1		3 9 4 1		3 6 5 1		3 10 5 1		3 7 6 1		3 11 6 1		3 8 7 1		3 12 7 1		3 9 8 1		3 13 8 1		3 14 9 1		3 11 10 1		3 15 10 1		3 12 11 1		3 16 11 1		3 13 12 1		3 17 12 1		3 14 13 1		3 18 13 1		3 19 14 1		3 16 15 1		3 20 15 1		3 17 16 1		3 21 16 1		3 18 17 1		3 22 17 1		3 19 18 1		3 23 18 1		3 24 19 1		3 21 20 1		3 22 21 1		3 23 22 1		3 24 23 1		3 26 25 1		3 30 25 1		3 27 26 1		3 31 26 1		3 28 27 1		3 32 27 1		3 29 28 1		3 33 28 1		3 34 29 1		3 31 30 1		3 35 30 1		3 32 31 1		3 36 31 1		3 33 32 1		3 37 32 1		3 34 33 1		3 38 33 1		3 39 34 1		3 36 35 1		3 40 35 1		3 37 36 1		3 41 36 1		3 38 37 1		3 42 37 1		3 39 38 1		3 43 38 1		3 44 39 1		3 41 40 1		3 45 40 1		3 42 41 1		3 46 41 1		3 43 42 1		3 47 42 1		3 44 43 1		3 48 43 1		3 49 44 1		3 46 45 1		3 47 46 1		3 48 47 1		3 49 48 1		3 20 25 1		3 29 24 1		
4 0 1 1		4 0 5 1		4 1 2 1		4 1 6 1		4 2 3 1		4 2 7 1		4 3 4 1		4 3 8 1		4 4 9 1		4 5 6 1		4 5 10 1		4 6 7 1		4 6 11 1		4 7 8 1		4 7 12 1		4 8 9 1		4 8 13 1		4 9 14 1		4 10 11 1		4 10 15 1		4 11 12 1		4 11 16 1		4 12 13 1		4 12 17 1		4 13 14 1		4 13 18 1		4 14 19 1		4 15 16 1		4 15 20 1		4 16 17 1		4 16 21 1		4 17 18 1		4 17 22 1		4 18 19 1		4 18 23 1		4 19 24 1		4 20 21 1		4 21 22 1		4 22 23 1		4 23 24 1		4 25 26 1		4 25 30 1		4 26 27 1		4 26 31 1		4 27 28 1		4 27 32 1		4 28 29 1		4 28 33 1		4 29 34 1		4 30 31 1		4 30 35 1		4 31 32 1		4 31 36 1		4 32 33 1		4 32 37 1		4 33 34 1		4 33 38 1		4 34 39 1		4 35 36 1		4 35 40 1		4 36 37 1		4 36 41 1		4 37 38 1		4 37 42 1		4 38 39 1		4 38 43 1		4 39 44 1		4 40 41 1		4 40 45 1		4 41 42 1		4 41 46 1		4 42 43 1		4 42 47 1		4 43 44 1		4 43 48 1		4 44 49 1		4 45 46 1		4 46 47 1		4 47 48 1		4 48 49 1		4 1 0 1		4 5 0 1		4 2 1 1		4 6 1 1		4 3 2 1		4 7 2 1		4 4 3 1		4 8 3 1		4 9 4 1		4 6 5 1		4 10 5 1		4 7 6 1		4 11 6 1		4 8 7 1		4 12 7 1		4 9 8 1		4 13 8 1		4 14 9 1		4 11 10 1		4 15 10 1		4 12 11 1		4 16 11 1		4 13 12 1		4 17 12 1		4 14 13 1		4 18 13 1		4 19 14 1		4 16 15 1		4 20 15 1		4 17 16 1		4 21 16 1		4 18 17 1		4 22 17 1		4 19 18 1		4 23 18 1		4 24 19 1		4 21 20 1		4 22 21 1		4 23 22 1		4 24 23 1		4 26 25 1		4 30 25 1		4 27 26 1		4 31 26 1		4 28 27 1		4 32 27 1		4 29 28 1		4 33 28 1		4 34 29 1		4 31 30 1		4 35 30 1		4 32 31 1		4 36 31 1		4 33 32 1		4 37 32 1		4 34 33 1		4 38 33 1		4 39 34 1		4 36 35 1		4 40 35 1		4 37 36 1		4 41 36 1		4 38 37 1		4 42 37 1		4 39 38 1		4 43 38 1		4 44 39 1		4 41 40 1		4 45 40 1		4 42 41 1		4 46 41 1		4 43 42 1		4 47 42 1		4 44 43 1		4 48 43 1		4 49 44 1		4 46 45 1		4 47 46 1		4 48 47 1		4 49 48 1		4 20 25 1		4 29 24 1		
5 0 1 1		5 0 5 1		5 1 2 1		5 1 6 1		5 2 3 1		5 2 7 1		5 3 4 1		5 3 8 1		5 4 9 1		5 5 6 1		5 5 10 1		5 6 7 1		5 6 11 1		5 7 8 1		5 7 12 1		5 8 9 1		5 8 13 1		5 9 14 1		5 10 11 1		5 10 15 1		5 11 12 1		5 11 16 1		5 12 13 1		5 12 17 1		5 13 14 1		5 13 18 1		5 14 19 1		5 15 16 1		5 15 20 1		5 16 17 1		5 16 21 1		5 17 18 1		5 17 22 1		5 18 19 1		5 18 23 1		5 19 24 1		5 20 21 1		5 21 22 1		5 22 23 1		5 23 24 1		5 25 26 1		5 25 30 1		5 26 27 1		5 26 31 1		5 27 28 1		5 27 32 1		5 28 29 1		5 28 33 1		5 29 34 1		5 30 31 1		5 30 35 1		5 31 32 1		5 31 36 1		5 32 33 1		5 32 37 1		5 33 34 1		5 33 38 1		5 34 39 1		5 35 36 1		5 35 40 1		5 36 37 1		5 36 41 1		5 37 38 1		5 37 42 1		5 38 39 1		5 38 43 1		5 39 44 1		5 40 41 1		5 40 45 1		5 41 42 1		5 41 46 1		5 42 43 1		5 42 47 1		5 43 44 1		5 43 48 1		5 44 49 1		5 45 46 1		5 46 47 1		5 47 48 1		5 48 49 1		5 1 0 1		5 5 0 1		5 2 1 1		5 6 1 1		5 3 2 1		5 7 2 1		5 4 3 1		5 8 3 1		5 9 4 1		5 6 5 1		5 10 5 1		5 7 6 1		5 11 6 1		5 8 7 1		5 12 7 1		5 9 8 1		5 13 8 1		5 14 9 1		5 11 10 1		5 15 10 1		5 12 11 1		5 16 11 1		5 13 12 1		5 17 12 1		5 14 13 1		5 18 13 1		5 19 14 1		5 16 15 1		5 20 15 1		5 17 16 1		5 21 16 1		5 18 17 1		5 22 17 1		5 19 18 1		5 23 18 1		5 24 19 1		5 21 20 1		5 22 21 1		5 23 22 1		5 24 23 1		5 26 25 1		5 30 25 1		5 27 26 1		5 31 26 1		5 28 27 1		5 32 27 1		5 29 28 1		5 33 28 1		5 34 29 1		5 31 30 1		5 35 30 1		5 32 31 1		5 36 31 1		5 33 32 1		5 37 32 1		5 34 33 1		5 38 33 1		5 39 34 1		5 36 35 1		5 40 35 1		5 37 36 1		5 41 36 1		5 38 37 1		5 42 37 1		5 39 38 1		5 43 38 1		5 44 39 1		5 41 40 1		5 45 40 1		5 42 41 1		5 46 41 1		5 43 42 1		5 47 42 1		5 44 43 1		5 48 43 1		5 49 44 1		5 46 45 1		5 47 46 1		5 48 47 1		5 49 48 1		5 20 25 1		5 29 24 1		
6 0 1 1		6 0 5 1		6 1 2 1		6 1 6 1		6 2 3 1		6 2 7 1		6 3 4 1		6 3 8 1		6 4 9 1		6 5 6 1		6 5 10 1		6 6 7 1		6 6 11 1		6 7 8 1		6 7 12 1		6 8 9 1		6 8 13 1		6 9 14 1		6 10 11 1		6 10 15 1		6 11 12 1		6 11 16 1		6 12 13 1		6 12 17 1		6 13 14 1		6 13 18 1		6 14 19 1		6 15 16 1		6 15 20 1		6 16 17 1		6 16 21 1		6 17 18 1		6 17 22 1		6 18 19 1		6 18 23 1		6 19 24 1		6 20 21 1		6 21 22 1		6 22 23 1		6 23 24 1		6 25 26 1		6 25 30 1		6 26 27 1		6 26 31 1		6 27 28 1		6 27 32 1		6 28 29 1		6 28 33 1		6 29 34 1		6 30 31 1		6 30 35 1		6 31 32 1		6 31 36 1		6 32 33 1		6 32 37 1		6 33 34 1		6 33 38 1		6 34 39 1		6 35 36 1		6 35 40 1		6 36 37 1		6 36 41 1		6 37 38 1		6 37 42 1		6 38 39 1		6 38 43 1		6 39 44 1		6 40 41 1		6 40 45 1		6 41 42 1		6 41 46 1		6 42 43 1		6 42 47 1		6 43 44 1		6 43 48 1		6 44 49 1		6 45 46 1		6 46 47 1		6 47 48 1		6 48 49 1		6 1 0 1		6 5 0 1		6 2 1 1		6 6 1 1		6 3 2 1		6 7 2 1		6 4 3 1		6 8 3 1		6 9 4 1		6 6 5 1		6 10 5 1		6 7 6 1		6 11 6 1		6 8 7 1		6 12 7 1		6 9 8 1		6 13 8 1		6 14 9 1		6 11 10 1		6 15 10 1		6 12 11 1		6 16 11 1		6 13 12 1		6 17 12 1		6 14 13 1		6 18 13 1		6 19 14 1		6 16 15 1		6 20 15 1		6 17 16 1		6 21 16 1		6 18 17 1		6 22 17 1		6 19 18 1		6 23 18 1		6 24 19 1		6 21 20 1		6 22 21 1		6 23 22 1		6 24 23 1		6 26 25 1		6 30 25 1		6 27 26 1		6 31 26 1		6 28 27 1		6 32 27 1		6 29 28 1		6 33 28 1		6 34 29 1		6 31 30 1		6 35 30 1		6 32 31 1		6 36 31 1		6 33 32 1		6 37 32 1		6 34 33 1		6 38 33 1		6 39 34 1		6 36 35 1		6 40 35 1		6 37 36 1		6 41 36 1		6 38 37 1		6 42 37 1		6 39 38 1		6 43 38 1		6 44 39 1		6 41 40 1		6 45 40 1		6 42 41 1		6 46 41 1		6 43 42 1		6 47 42 1		6 44 43 1		6 48 43 1		6 49 44 1		6 46 45 1		6 47 46 1		6 48 47 1		6 49 48 1		6 20 25 1		6 29 24 1		
7 0 1 1		7 0 5 1		7 1 2 1		7 1 6 1		7 2 3 1		7 2 7 1		7 3 4 1		7 3 8 1		7 4 9 1		7 5 6 1		7 5 10 1		7 6 7 1		7 6 11 1		7 7 8 1		7 7 12 1		7 8 9 1		7 8 13 1		7 9 14 1		7 10 11 1		7 10 15 1		7 11 12 1		7 11 16 1		7 12 13 1		7 12 17 1		7 13 14 1		7 13 18 1		7 14 19 1		7 15 16 1		7 15 20 1		7 16 17 1		7 16 21 1		7 17 18 1		7 17 22 1		7 18 19 1		7 18 23 1		7 19 24 1		7 20 21 1		7 21 22 1		7 22 23 1		7 23 24 1		7 25 26 1		7 25 30 1		7 26 27 1		7 26 31 1		7 27 28 1		7 27 32 1		7 28 29 1		7 28 33 1		7 29 34 1		7 30 31 1		7 30 35 1		7 31 32 1		7 31 36 1		7 32 33 1		7 32 37 1		7 33 34 1		7 33 38 1		7 34 39 1		7 35 36 1		7 35 40 1		7 36 37 1		7 36 41 1		7 37 38 1		7 37 42 1		7 38 39 1		7 38 43 1		7 39 44 1		7 40 41 1		7 40 45 1		7 41 42 1		7 41 46 1		7 42 43 1		7 42 47 1		7 43 44 1		7 43 48 1		7 44 49 1		7 45 46 1		7 46 47 1		7 47 48 1		7 48 49 1		7 1 0 1		7 5 0 1		7 2 1 1		7 6 1 1		7 3 2 1		7 7 2 1		7 4 3 1		7 8 3 1		7 9 4 1		7 6 5 1		7 10 5 1		7 7 6 1		7 11 6 1		7 8 7 1		7 12 7 1		7 9 8 1		7 13 8 1		7 14 9 1		7 11 10 1		7 15 10 1		7 12 11 1		7 16 11 1		7 13 12 1		7 17 12 1		7 14 13 1		7 18 13 1		7 19 14 1		7 16 15 1		7 20 15 1		7 17 16 1		7 21 16 1		7 18 17 1		7 22 17 1		7 19 18 1		7 23 18 1		7 24 19 1		7 21 20 1		7 22 21 1		7 23 22 1		7 24 23 1		7 26 25 1		7 30 25 1		7 27 26 1		7 31 26 1		7 28 27 1		7 32 27 1		7 29 28 1		7 33 28 1		7 34 29 1		7 31 30 1		7 35 30 1		7 32 31 1		7 36 31 1		7 33 32 1		7 37 32 1		7 34 33 1		7 38 33 1		7 39 34 1		7 36 35 1		7 40 35 1		7 37 36 1		7 41 36 1		7 38 37 1		7 42 37 1		7 39 38 1		7 43 38 1		7 44 39 1		7 41 40 1		7 45 40 1		7 42 41 1		7 46 41 1		7 43 42 1		7 47 42 1		7 44 43 1		7 48 43 1		7 49 44 1		7 46 45 1		7 47 46 1		7 48 47 1		7 49 48 1		7 20 25 1		7 29 24 1		
8 0 1 1		8 0 5 1		8 1 2 1		8 1 6 1		8 2 3 1		8 2 7 1		8 3 4 1		8 3 8 1		8 4 9 1		8 5 6 1		8 5 10 1		8 6 7 1		8 6 11 1		8 7 8 1		8 7 12 1		8 8 9 1		8 8 13 1		8 9 14 1		8 10 11 1		8 10 15 1		8 11 12 1		8 11 16 1		8 12 13 1		8 12 17 1		8 13 14 1		8 13 18 1		8 14 19 1		8 15 16 1		8 15 20 1		8 16 17 1		8 16 21 1		8 17 18 1		8 17 22 1		8 18 19 1		8 18 23 1		8 19 24 1		8 20 21 1		8 21 22 1		8 22 23 1		8 23 24 1		8 25 26 1		8 25 30 1		8 26 27 1		8 26 31 1		8 27 28 1		8 27 32 1		8 28 29 1		8 28 33 1		8 29 34 1		8 30 31 1		8 30 35 1		8 31 32 1		8 31 36 1		8 32 33 1		8 32 37 1		8 33 34 1		8 33 38 1		8 34 39 1		8 35 36 1		8 35 40 1		8 36 37 1		8 36 41 1		8 37 38 1		8 37 42 1		8 38 39 1		8 38 43 1		8 39 44 1		8 40 41 1		8 40 45 1		8 41 42 1		8 41 46 1		8 42 43 1		8 42 47 1		8 43 44 1		8 43 48 1		8 44 49 1		8 45 46 1		8 46 47 1		8 47 48 1		8 48 49 1		8 1 0 1		8 5 0 1		8 2 1 1		8 6 1 1		8 3 2 1		8 7 2 1		8 4 3 1		8 8 3 1		8 9 4 1		8 6 5 1		8 10 5 1		8 7 6 1		8 11 6 1		8 8 7 1		8 12 7 1		8 9 8 1		8 13 8 1		8 14 9 1		8 11 10 1		8 15 10 1		8 12 11 1		8 16 11 1		8 13 12 1		8 17 12 1		8 14 13 1		8 18 13 1		8 19 14 1		8 16 15 1		8 20 15 1		8 17 16 1		8 21 16 1		8 18 17 1		8 22 17 1		8 19 18 1		8 23 18 1		8 24 19 1		8 21 20 1		8 22 21 1		8 23 22 1		8 24 23 1		8 26 25 1		8 30 25 1		8 27 26 1		8 31 26 1		8 28 27 1		8 32 27 1		8 29 28 1		8 33 28 1		8 34 29 1		8 31 30 1		8 35 30 1		8 32 31 1		8 36 31 1		8 33 32 1		8 37 32 1		8 34 33 1		8 38 33 1		8 39 34 1		8 36 35 1		8 40 35 1		8 37 36 1		8 41 36 1		8 38 37 1		8 42 37 1		8 39 38 1		8 43 38 1		8 44 39 1		8 41 40 1		8 45 40 1		8 42 41 1		8 46 41 1		8 43 42 1		8 47 42 1		8 44 43 1		8 48 43 1		8 49 44 1		8 46 45 1		8 47 46 1		8 48 47 1		8 49 48 1		8 20 25 1		8 29 24 1		
9 0 1 1		9 0 5 1		9 1 2 1		9 1 6 1		9 2 3 1		9 2 7 1		9 3 4 1		9 3 8 1		9 4 9 1		9 5 6 1		9 5 10 1		9 6 7 1		9 6 11 1		9 7 8 1		9 7 12 1		9 8 9 1		9 8 13 1		9 9 14 1		9 10 11 1		9 10 15 1		9 11 12 1		9 11 16 1		9 12 13 1		9 12 17 1		9 13 14 1		9 13 18 1		9 14 19 1		9 15 16 1		9 15 20 1		9 16 17 1		9 16 21 1		9 17 18 1		9 17 22 1		9 18 19 1		9 18 23 1		9 19 24 1		9 20 21 1		9 21 22 1		9 22 23 1		9 23 24 1		9 25 26 1		9 25 30 1		9 26 27 1		9 26 31 1		9 27 28 1		9 27 32 1		9 28 29 1		9 28 33 1		9 29 34 1		9 30 31 1		9 30 35 1		9 31 32 1		9 31 36 1		9 32 33 1		9 32 37 1		9 33 34 1		9 33 38 1		9 34 39 1		9 35 36 1		9 35 40 1		9 36 37 1		9 36 41 1		9 37 38 1		9 37 42 1		9 38 39 1		9 38 43 1		9 39 44 1		9 40 41 1		9 40 45 1		9 41 42 1		9 41 46 1		9 42 43 1		9 42 47 1		9 43 44 1		9 43 48 1		9 44 49 1		9 45 46 1		9 46 47 1		9 47 48 1		9 48 49 1		9 1 0 1		9 5 0 1		9 2 1 1		9 6 1 1		9 3 2 1		9 7 2 1		9 4 3 1		9 8 3 1		9 9 4 1		9 6 5 1		9 10 5 1		9 7 6 1		9 11 6 1		9 8 7 1		9 12 7 1		9 9 8 1		9 13 8 1		9 14 9 1		9 11 10 1		9 15 10 1		9 12 11 1		9 16 11 1		9 13 12 1		9 17 12 1		9 14 13 1		9 18 13 1		9 19 14 1		9 16 15 1		9 20 15 1		9 17 16 1		9 21 16 1		9 18 17 1		9 22 17 1		9 19 18 1		9 23 18 1		9 24 19 1		9 21 20 1		9 22 21 1		9 23 22 1		9 24 23 1		9 26 25 1		9 30 25 1		9 27 26 1		9 31 26 1		9 28 27 1		9 32 27 1		9 29 28 1		9 33 28 1		9 34 29 1		9 31 30 1		9 35 30 1		9 32 31 1		9 36 31 1		9 33 32 1		9 37 32 1		9 34 33 1		9 38 33 1		9 39 34 1		9 36 35 1		9 40 35 1		9 37 36 1		9 41 36 1		9 38 37 1		9 42 37 1		9 39 38 1		9 43 38 1		9 44 39 1		9 41 40 1		9 45 40 1		9 42 41 1		9 46 41 1		9 43 42 1		9 47 42 1		9 44 43 1		9 48 43 1		9 49 44 1		9 46 45 1		9 47 46 1		9 48 47 1		9 49 48 1		9 20 25 1		9 29 24 1		
10 0 1 1		10 0 5 1		10 1 2 1		10 1 6 1		10 2 3 1		10 2 7 1		10 3 4 1		10 3 8 1		10 4 9 1		10 5 6 1		10 5 10 1		10 6 7 1		10 6 11 1		10 7 8 1		10 7 12 1		10 8 9 1		10 8 13 1		10 9 14 1		10 10 11 1		10 10 15 1		10 11 12 1		10 11 16 1		10 12 13 1		10 12 17 1		10 13 14 1		10 13 18 1		10 14 19 1		10 15 16 1		10 15 20 1		10 16 17 1		10 16 21 1		10 17 18 1		10 17 22 1		10 18 19 1		10 18 23 1		10 19 24 1		10 20 21 1		10 21 22 1		10 22 23 1		10 23 24 1		10 25 26 1		10 25 30 1		10 26 27 1		10 26 31 1		10 27 28 1		10 27 32 1		10 28 29 1		10 28 33 1		10 29 34 1		10 30 31 1		10 30 35 1		10 31 32 1		10 31 36 1		10 32 33 1		10 32 37 1		10 33 34 1		10 33 38 1		10 34 39 1		10 35 36 1		10 35 40 1		10 36 37 1		10 36 41 1		10 37 38 1		10 37 42 1		10 38 39 1		10 38 43 1		10 39 44 1		10 40 41 1		10 40 45 1		10 41 42 1		10 41 46 1		10 42 43 1		10 42 47 1		10 43 44 1		10 43 48 1		10 44 49 1		10 45 46 1		10 46 47 1		10 47 48 1		10 48 49 1		10 1 0 1		10 5 0 1		10 2 1 1		10 6 1 1		10 3 2 1		10 7 2 1		10 4 3 1		10 8 3 1		10 9 4 1		10 6 5 1		10 10 5 1		10 7 6 1		10 11 6 1		10 8 7 1		10 12 7 1		10 9 8 1		10 13 8 1		10 14 9 1		10 11 10 1		10 15 10 1		10 12 11 1		10 16 11 1		10 13 12 1		10 17 12 1		10 14 13 1		10 18 13 1		10 19 14 1		10 16 15 1		10 20 15 1		10 17 16 1		10 21 16 1		10 18 17 1		10 22 17 1		10 19 18 1		10 23 18 1		10 24 19 1		10 21 20 1		10 22 21 1		10 23 22 1		10 24 23 1		10 26 25 1		10 30 25 1		10 27 26 1		10 31 26 1		10 28 27 1		10 32 27 1		10 29 28 1		10 33 28 1		10 34 29 1		10 31 30 1		10 35 30 1		10 32 31 1		10 36 31 1		10 33 32 1		10 37 32 1		10 34 33 1		10 38 33 1		10 39 34 1		10 36 35 1		10 40 35 1		10 37 36 1		10 41 36 1		10 38 37 1		10 42 37 1		10 39 38 1		10 43 38 1		10 44 39 1		10 41 40 1		10 45 40 1		10 42 41 1		10 46 41 1		10 43 42 1		10 47 42 1		10 44 43 1		10 48 43 1		10 49 44 1		10 46 45 1		10 47 46 1		10 48 47 1		10 49 48 1		10 20 25 1		10 29 24 1		
11 0 1 1		11 0 5 1		11 1 2 1		11 1 6 1		11 2 3 1		11 2 7 1		11 3 4 1		11 3 8 1		11 4 9 1		11 5 6 1		11 5 10 1		11 6 7 1		11 6 11 1		11 7 8 1		11 7 12 1		11 8 9 1		11 8 13 1		11 9 14 1		11 10 11 1		11 10 15 1		11 11 12 1		11 11 16 1		11 12 13 1		11 12 17 1		11 13 14 1		11 13 18 1		11 14 19 1		11 15 16 1		11 15 20 1		11 16 17 1		11 16 21 1		11 17 18 1		11 17 22 1		11 18 19 1		11 18 23 1		11 19 24 1		11 20 21 1		11 21 22 1		11 22 23 1		11 23 24 1		11 25 26 1		11 25 30 1		11 26 27 1		11 26 31 1		11 27 28 1		11 27 32 1		11 28 29 1		11 28 33 1		11 29 34 1		11 30 31 1		11 30 35 1		11 31 32 1		11 31 36 1		11 32 33 1		11 32 37 1		11 33 34 1		11 33 38 1		11 34 39 1		11 35 36 1		11 35 40 1		11 36 37 1		11 36 41 1		11 37 38 1		11 37 42 1		11 38 39 1		11 38 43 1		11 39 44 1		11 40 41 1		11 40 45 1		11 41 42 1		11 41 46 1		11 42 43 1		11 42 47 1		11 43 44 1		11 43 48 1		11 44 49 1		11 45 46 1		11 46 47 1		11 47 48 1		11 48 49 1		11 1 0 1		11 5 0 1		11 2 1 1		11 6 1 1		11 3 2 1		11 7 2 1		11 4 3 1		11 8 3 1		11 9 4 1		11 6 5 1		11 10 5 1		11 7 6 1		11 11 6 1		11 8 7 1		11 12 7 1		11 9 8 1		11 13 8 1		11 14 9 1		11 11 10 1		11 15 10 1		11 12 11 1		11 16 11 1		11 13 12 1		11 17 12 1		11 14 13 1		11 18 13 1		11 19 14 1		11 16 15 1		11 20 15 1		11 17 16 1		11 21 16 1		11 18 17 1		11 22 17 1		11 19 18 1		11 23 18 1		11 24 19 1		11 21 20 1		11 22 21 1		11 23 22 1		11 24 23 1		11 26 25 1		11 30 25 1		11 27 26 1		11 31 26 1		11 28 27 1		11 32 27 1		11 29 28 1		11 33 28 1		11 34 29 1		11 31 30 1		11 35 30 1		11 32 31 1		11 36 31 1		11 33 32 1		11 37 32 1		11 34 33 1		11 38 33 1		11 39 34 1		11 36 35 1		11 40 35 1		11 37 36 1		11 41 36 1		11 38 37 1		11 42 37 1		11 39 38 1		11 43 38 1		11 44 39 1		11 41 40 1		11 45 40 1		11 42 41 1		11 46 41 1		11 43 42 1		11 47 42 1		11 44 43 1		11 48 43 1		11 49 44 1		11 46 45 1		11 47 46 1		11 48 47 1		11 49 48 1		11 20 25 1		11 29 24 1		
12 0 1 1		12 0 5 1		12 1 2 1		12 1 6 1		12 2 3 1		12 2 7 1		12 3 4 1		12 3 8 1		12 4 9 1		12 5 6 1		12 5 10 1		12 6 7 1		12 6 11 1		12 7 8 1		12 7 12 1		12 8 9 1		12 8 13 1		12 9 14 1		12 10 11 1		12 10 15 1		12 11 12 1		12 11 16 1		12 12 13 1		12 12 17 1		12 13 14 1		12 13 18 1		12 14 19 1		12 15 16 1		12 15 20 1		12 16 17 1		12 16 21 1		12 17 18 1		12 17 22 1		12 18 19 1		12 18 23 1		12 19 24 1		12 20 21 1		12 21 22 1		12 22 23 1		12 23 24 1		12 25 26 1		12 25 30 1		12 26 27 1		12 26 31 1		12 27 28 1		12 27 32 1		12 28 29 1		12 28 33 1		12 29 34 1		12 30 31 1		12 30 35 1		12 31 32 1		12 31 36 1		12 32 33 1		12 32 37 1		12 33 34 1		12 33 38 1		12 34 39 1		12 35 36 1		12 35 40 1		12 36 37 1		12 36 41 1		12 37 38 1		12 37 42 1		12 38 39 1		12 38 43 1		12 39 44 1		12 40 41 1		12 40 45 1		12 41 42 1		12 41 46 1		12 42 43 1		12 42 47 1		12 43 44 1		12 43 48 1		12 44 49 1		12 45 46 1		12 46 47 1		12 47 48 1		12 48 49 1		12 1 0 1		12 5 0 1		12 2 1 1		12 6 1 1		12 3 2 1		12 7 2 1		12 4 3 1		12 8 3 1		12 9 4 1		12 6 5 1		12 10 5 1		12 7 6 1		12 11 6 1		12 8 7 1		12 12 7 1		12 9 8 1		12 13 8 1		12 14 9 1		12 11 10 1		12 15 10 1		12 12 11 1		12 16 11 1		12 13 12 1		12 17 12 1		12 14 13 1		12 18 13 1		12 19 14 1		12 16 15 1		12 20 15 1		12 17 16 1		12 21 16 1		12 18 17 1		12 22 17 1		12 19 18 1		12 23 18 1		12 24 19 1		12 21 20 1		12 22 21 1		12 23 22 1		12 24 23 1		12 26 25 1		12 30 25 1		12 27 26 1		12 31 26 1		12 28 27 1		12 32 27 1		12 29 28 1		12 33 28 1		12 34 29 1		12 31 30 1		12 35 30 1		12 32 31 1		12 36 31 1		12 33 32 1		12 37 32 1		12 34 33 1		12 38 33 1		12 39 34 1		12 36 35 1		12 40 35 1		12 37 36 1		12 41 36 1		12 38 37 1		12 42 37 1		12 39 38 1		12 43 38 1		12 44 39 1		12 41 40 1		12 45 40 1		12 42 41 1		12 46 41 1		12 43 42 1		12 47 42 1		12 44 43 1		12 48 43 1		12 49 44 1		12 46 45 1		12 47 46 1		12 48 47 1		12 49 48 1		12 20 25 1		12 29 24 1		
13 0 1 1		13 0 5 1		13 1 2 1		13 1 6 1		13 2 3 1		13 2 7 1		13 3 4 1		13 3 8 1		13 4 9 1		13 5 6 1		13 5 10 1		13 6 7 1		13 6 11 1		13 7 8 1		13 7 12 1		13 8 9 1		13 8 13 1		13 9 14 1		13 10 11 1		13 10 15 1		13 11 12 1		13 11 16 1		13 12 13 1		13 12 17 1		13 13 14 1		13 13 18 1		13 14 19 1		13 15 16 1		13 15 20 1		13 16 17 1		13 16 21 1		13 17 18 1		13 17 22 1		13 18 19 1		13 18 23 1		13 19 24 1		13 20 21 1		13 21 22 1		13 22 23 1		13 23 24 1		13 25 26 1		13 25 30 1		13 26 27 1		13 26 31 1		13 27 28 1		13 27 32 1		13 28 29 1		13 28 33 1		13 29 34 1		13 30 31 1		13 30 35 1		13 31 32 1		13 31 36 1		13 32 33 1		13 32 37 1		13 33 34 1		13 33 38 1		13 34 39 1		13 35 36 1		13 35 40 1		13 36 37 1		13 36 41 1		13 37 38 1		13 37 42 1		13 38 39 1		13 38 43 1		13 39 44 1		13 40 41 1		13 40 45 1		13 41 42 1		13 41 46 1		13 42 43 1		13 42 47 1		13 43 44 1		13 43 48 1		13 44 49 1		13 45 46 1		13 46 47 1		13 47 48 1		13 48 49 1		13 1 0 1		13 5 0 1		13 2 1 1		13 6 1 1		13 3 2 1		13 7 2 1		13 4 3 1		13 8 3 1		13 9 4 1		13 6 5 1		13 10 5 1		13 7 6 1		13 11 6 1		13 8 7 1		13 12 7 1		13 9 8 1		13 13 8 1		13 14 9 1		13 11 10 1		13 15 10 1		13 12 11 1		13 16 11 1		13 13 12 1		13 17 12 1		13 14 13 1		13 18 13 1		13 19 14 1		13 16 15 1		13 20 15 1		13 17 16 1		13 21 16 1		13 18 17 1		13 22 17 1		13 19 18 1		13 23 18 1		13 24 19 1		13 21 20 1		13 22 21 1		13 23 22 1		13 24 23 1		13 26 25 1		13 30 25 1		13 27 26 1		13 31 26 1		13 28 27 1		13 32 27 1		13 29 28 1		13 33 28 1		13 34 29 1		13 31 30 1		13 35 30 1		13 32 31 1		13 36 31 1		13 33 32 1		13 37 32 1		13 34 33 1		13 38 33 1		13 39 34 1		13 36 35 1		13 40 35 1		13 37 36 1		13 41 36 1		13 38 37 1		13 42 37 1		13 39 38 1		13 43 38 1		13 44 39 1		13 41 40 1		13 45 40 1		13 42 41 1		13 46 41 1		13 43 42 1		13 47 42 1		13 44 43 1		13 48 43 1		13 49 44 1		13 46 45 1		13 47 46 1		13 48 47 1		13 49 48 1		13 20 25 1		13 29 24 1		
14 0 1 1		14 0 5 1		14 1 2 1		14 1 6 1		14 2 3 1		14 2 7 1		14 3 4 1		14 3 8 1		14 4 9 1		14 5 6 1		14 5 10 1		14 6 7 1		14 6 11 1		14 7 8 1		14 7 12 1		14 8 9 1		14 8 13 1		14 9 14 1		14 10 11 1		14 10 15 1		14 11 12 1		14 11 16 1		14 12 13 1		14 12 17 1		14 13 14 1		14 13 18 1		14 14 19 1		14 15 16 1		14 15 20 1		14 16 17 1		14 16 21 1		14 17 18 1		14 17 22 1		14 18 19 1		14 18 23 1		14 19 24 1		14 20 21 1		14 21 22 1		14 22 23 1		14 23 24 1		14 25 26 1		14 25 30 1		14 26 27 1		14 26 31 1		14 27 28 1		14 27 32 1		14 28 29 1		14 28 33 1		14 29 34 1		14 30 31 1		14 30 35 1		14 31 32 1		14 31 36 1		14 32 33 1		14 32 37 1		14 33 34 1		14 33 38 1		14 34 39 1		14 35 36 1		14 35 40 1		14 36 37 1		14 36 41 1		14 37 38 1		14 37 42 1		14 38 39 1		14 38 43 1		14 39 44 1		14 40 41 1		14 40 45 1		14 41 42 1		14 41 46 1		14 42 43 1		14 42 47 1		14 43 44 1		14 43 48 1		14 44 49 1		14 45 46 1		14 46 47 1		14 47 48 1		14 48 49 1		14 1 0 1		14 5 0 1		14 2 1 1		14 6 1 1		14 3 2 1		14 7 2 1		14 4 3 1		14 8 3 1		14 9 4 1		14 6 5 1		14 10 5 1		14 7 6 1		14 11 6 1		14 8 7 1		14 12 7 1		14 9 8 1		14 13 8 1		14 14 9 1		14 11 10 1		14 15 10 1		14 12 11 1		14 16 11 1		14 13 12 1		14 17 12 1		14 14 13 1		14 18 13 1		14 19 14 1		14 16 15 1		14 20 15 1		14 17 16 1		14 21 16 1		14 18 17 1		14 22 17 1		14 19 18 1		14 23 18 1		14 24 19 1		14 21 20 1		14 22 21 1		14 23 22 1		14 24 23 1		14 26 25 1		14 30 25 1		14 27 26 1		14 31 26 1		14 28 27 1		14 32 27 1		14 29 28 1		14 33 28 1		14 34 29 1		14 31 30 1		14 35 30 1		14 32 31 1		14 36 31 1		14 33 32 1		14 37 32 1		14 34 33 1		14 38 33 1		14 39 34 1		14 36 35 1		14 40 35 1		14 37 36 1		14 41 36 1		14 38 37 1		14 42 37 1		14 39 38 1		14 43 38 1		14 44 39 1		14 41 40 1		14 45 40 1		14 42 41 1		14 46 41 1		14 43 42 1		14 47 42 1		14 44 43 1		14 48 43 1		14 49 44 1		14 46 45 1		14 47 46 1		14 48 47 1		14 49 48 1		14 20 25 1		14 29 24 1		 ;
param v_max:=
0 0 1 2		0 0 5 2		0 1 2 2		0 1 6 2		0 2 3 2		0 2 7 2		0 3 4 2		0 3 8 2		0 4 9 2		0 5 6 2		0 5 10 2		0 6 7 2		0 6 11 2		0 7 8 2		0 7 12 2		0 8 9 2		0 8 13 2		0 9 14 2		0 10 11 2		0 10 15 2		0 11 12 2		0 11 16 2		0 12 13 2		0 12 17 2		0 13 14 2		0 13 18 2		0 14 19 2		0 15 16 2		0 15 20 2		0 16 17 2		0 16 21 2		0 17 18 2		0 17 22 2		0 18 19 2		0 18 23 2		0 19 24 2		0 20 21 2		0 21 22 2		0 22 23 2		0 23 24 2		0 25 26 2		0 25 30 2		0 26 27 2		0 26 31 2		0 27 28 2		0 27 32 2		0 28 29 2		0 28 33 2		0 29 34 2		0 30 31 2		0 30 35 2		0 31 32 2		0 31 36 2		0 32 33 2		0 32 37 2		0 33 34 2		0 33 38 2		0 34 39 2		0 35 36 2		0 35 40 2		0 36 37 2		0 36 41 2		0 37 38 2		0 37 42 2		0 38 39 2		0 38 43 2		0 39 44 2		0 40 41 2		0 40 45 2		0 41 42 2		0 41 46 2		0 42 43 2		0 42 47 2		0 43 44 2		0 43 48 2		0 44 49 2		0 45 46 2		0 46 47 2		0 47 48 2		0 48 49 2		0 1 0 2		0 5 0 2		0 2 1 2		0 6 1 2		0 3 2 2		0 7 2 2		0 4 3 2		0 8 3 2		0 9 4 2		0 6 5 2		0 10 5 2		0 7 6 2		0 11 6 2		0 8 7 2		0 12 7 2		0 9 8 2		0 13 8 2		0 14 9 2		0 11 10 2		0 15 10 2		0 12 11 2		0 16 11 2		0 13 12 2		0 17 12 2		0 14 13 2		0 18 13 2		0 19 14 2		0 16 15 2		0 20 15 2		0 17 16 2		0 21 16 2		0 18 17 2		0 22 17 2		0 19 18 2		0 23 18 2		0 24 19 2		0 21 20 2		0 22 21 2		0 23 22 2		0 24 23 2		0 26 25 2		0 30 25 2		0 27 26 2		0 31 26 2		0 28 27 2		0 32 27 2		0 29 28 2		0 33 28 2		0 34 29 2		0 31 30 2		0 35 30 2		0 32 31 2		0 36 31 2		0 33 32 2		0 37 32 2		0 34 33 2		0 38 33 2		0 39 34 2		0 36 35 2		0 40 35 2		0 37 36 2		0 41 36 2		0 38 37 2		0 42 37 2		0 39 38 2		0 43 38 2		0 44 39 2		0 41 40 2		0 45 40 2		0 42 41 2		0 46 41 2		0 43 42 2		0 47 42 2		0 44 43 2		0 48 43 2		0 49 44 2		0 46 45 2		0 47 46 2		0 48 47 2		0 49 48 2		0 20 25 2		0 29 24 2		
1 0 1 2		1 0 5 2		1 1 2 2		1 1 6 2		1 2 3 2		1 2 7 2		1 3 4 2		1 3 8 2		1 4 9 2		1 5 6 2		1 5 10 2		1 6 7 2		1 6 11 2		1 7 8 2		1 7 12 2		1 8 9 2		1 8 13 2		1 9 14 2		1 10 11 2		1 10 15 2		1 11 12 2		1 11 16 2		1 12 13 2		1 12 17 2		1 13 14 2		1 13 18 2		1 14 19 2		1 15 16 2		1 15 20 2		1 16 17 2		1 16 21 2		1 17 18 2		1 17 22 2		1 18 19 2		1 18 23 2		1 19 24 2		1 20 21 2		1 21 22 2		1 22 23 2		1 23 24 2		1 25 26 2		1 25 30 2		1 26 27 2		1 26 31 2		1 27 28 2		1 27 32 2		1 28 29 2		1 28 33 2		1 29 34 2		1 30 31 2		1 30 35 2		1 31 32 2		1 31 36 2		1 32 33 2		1 32 37 2		1 33 34 2		1 33 38 2		1 34 39 2		1 35 36 2		1 35 40 2		1 36 37 2		1 36 41 2		1 37 38 2		1 37 42 2		1 38 39 2		1 38 43 2		1 39 44 2		1 40 41 2		1 40 45 2		1 41 42 2		1 41 46 2		1 42 43 2		1 42 47 2		1 43 44 2		1 43 48 2		1 44 49 2		1 45 46 2		1 46 47 2		1 47 48 2		1 48 49 2		1 1 0 2		1 5 0 2		1 2 1 2		1 6 1 2		1 3 2 2		1 7 2 2		1 4 3 2		1 8 3 2		1 9 4 2		1 6 5 2		1 10 5 2		1 7 6 2		1 11 6 2		1 8 7 2		1 12 7 2		1 9 8 2		1 13 8 2		1 14 9 2		1 11 10 2		1 15 10 2		1 12 11 2		1 16 11 2		1 13 12 2		1 17 12 2		1 14 13 2		1 18 13 2		1 19 14 2		1 16 15 2		1 20 15 2		1 17 16 2		1 21 16 2		1 18 17 2		1 22 17 2		1 19 18 2		1 23 18 2		1 24 19 2		1 21 20 2		1 22 21 2		1 23 22 2		1 24 23 2		1 26 25 2		1 30 25 2		1 27 26 2		1 31 26 2		1 28 27 2		1 32 27 2		1 29 28 2		1 33 28 2		1 34 29 2		1 31 30 2		1 35 30 2		1 32 31 2		1 36 31 2		1 33 32 2		1 37 32 2		1 34 33 2		1 38 33 2		1 39 34 2		1 36 35 2		1 40 35 2		1 37 36 2		1 41 36 2		1 38 37 2		1 42 37 2		1 39 38 2		1 43 38 2		1 44 39 2		1 41 40 2		1 45 40 2		1 42 41 2		1 46 41 2		1 43 42 2		1 47 42 2		1 44 43 2		1 48 43 2		1 49 44 2		1 46 45 2		1 47 46 2		1 48 47 2		1 49 48 2		1 20 25 2		1 29 24 2		
2 0 1 2		2 0 5 2		2 1 2 2		2 1 6 2		2 2 3 2		2 2 7 2		2 3 4 2		2 3 8 2		2 4 9 2		2 5 6 2		2 5 10 2		2 6 7 2		2 6 11 2		2 7 8 2		2 7 12 2		2 8 9 2		2 8 13 2		2 9 14 2		2 10 11 2		2 10 15 2		2 11 12 2		2 11 16 2		2 12 13 2		2 12 17 2		2 13 14 2		2 13 18 2		2 14 19 2		2 15 16 2		2 15 20 2		2 16 17 2		2 16 21 2		2 17 18 2		2 17 22 2		2 18 19 2		2 18 23 2		2 19 24 2		2 20 21 2		2 21 22 2		2 22 23 2		2 23 24 2		2 25 26 2		2 25 30 2		2 26 27 2		2 26 31 2		2 27 28 2		2 27 32 2		2 28 29 2		2 28 33 2		2 29 34 2		2 30 31 2		2 30 35 2		2 31 32 2		2 31 36 2		2 32 33 2		2 32 37 2		2 33 34 2		2 33 38 2		2 34 39 2		2 35 36 2		2 35 40 2		2 36 37 2		2 36 41 2		2 37 38 2		2 37 42 2		2 38 39 2		2 38 43 2		2 39 44 2		2 40 41 2		2 40 45 2		2 41 42 2		2 41 46 2		2 42 43 2		2 42 47 2		2 43 44 2		2 43 48 2		2 44 49 2		2 45 46 2		2 46 47 2		2 47 48 2		2 48 49 2		2 1 0 2		2 5 0 2		2 2 1 2		2 6 1 2		2 3 2 2		2 7 2 2		2 4 3 2		2 8 3 2		2 9 4 2		2 6 5 2		2 10 5 2		2 7 6 2		2 11 6 2		2 8 7 2		2 12 7 2		2 9 8 2		2 13 8 2		2 14 9 2		2 11 10 2		2 15 10 2		2 12 11 2		2 16 11 2		2 13 12 2		2 17 12 2		2 14 13 2		2 18 13 2		2 19 14 2		2 16 15 2		2 20 15 2		2 17 16 2		2 21 16 2		2 18 17 2		2 22 17 2		2 19 18 2		2 23 18 2		2 24 19 2		2 21 20 2		2 22 21 2		2 23 22 2		2 24 23 2		2 26 25 2		2 30 25 2		2 27 26 2		2 31 26 2		2 28 27 2		2 32 27 2		2 29 28 2		2 33 28 2		2 34 29 2		2 31 30 2		2 35 30 2		2 32 31 2		2 36 31 2		2 33 32 2		2 37 32 2		2 34 33 2		2 38 33 2		2 39 34 2		2 36 35 2		2 40 35 2		2 37 36 2		2 41 36 2		2 38 37 2		2 42 37 2		2 39 38 2		2 43 38 2		2 44 39 2		2 41 40 2		2 45 40 2		2 42 41 2		2 46 41 2		2 43 42 2		2 47 42 2		2 44 43 2		2 48 43 2		2 49 44 2		2 46 45 2		2 47 46 2		2 48 47 2		2 49 48 2		2 20 25 2		2 29 24 2		
3 0 1 2		3 0 5 2		3 1 2 2		3 1 6 2		3 2 3 2		3 2 7 2		3 3 4 2		3 3 8 2		3 4 9 2		3 5 6 2		3 5 10 2		3 6 7 2		3 6 11 2		3 7 8 2		3 7 12 2		3 8 9 2		3 8 13 2		3 9 14 2		3 10 11 2		3 10 15 2		3 11 12 2		3 11 16 2		3 12 13 2		3 12 17 2		3 13 14 2		3 13 18 2		3 14 19 2		3 15 16 2		3 15 20 2		3 16 17 2		3 16 21 2		3 17 18 2		3 17 22 2		3 18 19 2		3 18 23 2		3 19 24 2		3 20 21 2		3 21 22 2		3 22 23 2		3 23 24 2		3 25 26 2		3 25 30 2		3 26 27 2		3 26 31 2		3 27 28 2		3 27 32 2		3 28 29 2		3 28 33 2		3 29 34 2		3 30 31 2		3 30 35 2		3 31 32 2		3 31 36 2		3 32 33 2		3 32 37 2		3 33 34 2		3 33 38 2		3 34 39 2		3 35 36 2		3 35 40 2		3 36 37 2		3 36 41 2		3 37 38 2		3 37 42 2		3 38 39 2		3 38 43 2		3 39 44 2		3 40 41 2		3 40 45 2		3 41 42 2		3 41 46 2		3 42 43 2		3 42 47 2		3 43 44 2		3 43 48 2		3 44 49 2		3 45 46 2		3 46 47 2		3 47 48 2		3 48 49 2		3 1 0 2		3 5 0 2		3 2 1 2		3 6 1 2		3 3 2 2		3 7 2 2		3 4 3 2		3 8 3 2		3 9 4 2		3 6 5 2		3 10 5 2		3 7 6 2		3 11 6 2		3 8 7 2		3 12 7 2		3 9 8 2		3 13 8 2		3 14 9 2		3 11 10 2		3 15 10 2		3 12 11 2		3 16 11 2		3 13 12 2		3 17 12 2		3 14 13 2		3 18 13 2		3 19 14 2		3 16 15 2		3 20 15 2		3 17 16 2		3 21 16 2		3 18 17 2		3 22 17 2		3 19 18 2		3 23 18 2		3 24 19 2		3 21 20 2		3 22 21 2		3 23 22 2		3 24 23 2		3 26 25 2		3 30 25 2		3 27 26 2		3 31 26 2		3 28 27 2		3 32 27 2		3 29 28 2		3 33 28 2		3 34 29 2		3 31 30 2		3 35 30 2		3 32 31 2		3 36 31 2		3 33 32 2		3 37 32 2		3 34 33 2		3 38 33 2		3 39 34 2		3 36 35 2		3 40 35 2		3 37 36 2		3 41 36 2		3 38 37 2		3 42 37 2		3 39 38 2		3 43 38 2		3 44 39 2		3 41 40 2		3 45 40 2		3 42 41 2		3 46 41 2		3 43 42 2		3 47 42 2		3 44 43 2		3 48 43 2		3 49 44 2		3 46 45 2		3 47 46 2		3 48 47 2		3 49 48 2		3 20 25 2		3 29 24 2		
4 0 1 2		4 0 5 2		4 1 2 2		4 1 6 2		4 2 3 2		4 2 7 2		4 3 4 2		4 3 8 2		4 4 9 2		4 5 6 2		4 5 10 2		4 6 7 2		4 6 11 2		4 7 8 2		4 7 12 2		4 8 9 2		4 8 13 2		4 9 14 2		4 10 11 2		4 10 15 2		4 11 12 2		4 11 16 2		4 12 13 2		4 12 17 2		4 13 14 2		4 13 18 2		4 14 19 2		4 15 16 2		4 15 20 2		4 16 17 2		4 16 21 2		4 17 18 2		4 17 22 2		4 18 19 2		4 18 23 2		4 19 24 2		4 20 21 2		4 21 22 2		4 22 23 2		4 23 24 2		4 25 26 2		4 25 30 2		4 26 27 2		4 26 31 2		4 27 28 2		4 27 32 2		4 28 29 2		4 28 33 2		4 29 34 2		4 30 31 2		4 30 35 2		4 31 32 2		4 31 36 2		4 32 33 2		4 32 37 2		4 33 34 2		4 33 38 2		4 34 39 2		4 35 36 2		4 35 40 2		4 36 37 2		4 36 41 2		4 37 38 2		4 37 42 2		4 38 39 2		4 38 43 2		4 39 44 2		4 40 41 2		4 40 45 2		4 41 42 2		4 41 46 2		4 42 43 2		4 42 47 2		4 43 44 2		4 43 48 2		4 44 49 2		4 45 46 2		4 46 47 2		4 47 48 2		4 48 49 2		4 1 0 2		4 5 0 2		4 2 1 2		4 6 1 2		4 3 2 2		4 7 2 2		4 4 3 2		4 8 3 2		4 9 4 2		4 6 5 2		4 10 5 2		4 7 6 2		4 11 6 2		4 8 7 2		4 12 7 2		4 9 8 2		4 13 8 2		4 14 9 2		4 11 10 2		4 15 10 2		4 12 11 2		4 16 11 2		4 13 12 2		4 17 12 2		4 14 13 2		4 18 13 2		4 19 14 2		4 16 15 2		4 20 15 2		4 17 16 2		4 21 16 2		4 18 17 2		4 22 17 2		4 19 18 2		4 23 18 2		4 24 19 2		4 21 20 2		4 22 21 2		4 23 22 2		4 24 23 2		4 26 25 2		4 30 25 2		4 27 26 2		4 31 26 2		4 28 27 2		4 32 27 2		4 29 28 2		4 33 28 2		4 34 29 2		4 31 30 2		4 35 30 2		4 32 31 2		4 36 31 2		4 33 32 2		4 37 32 2		4 34 33 2		4 38 33 2		4 39 34 2		4 36 35 2		4 40 35 2		4 37 36 2		4 41 36 2		4 38 37 2		4 42 37 2		4 39 38 2		4 43 38 2		4 44 39 2		4 41 40 2		4 45 40 2		4 42 41 2		4 46 41 2		4 43 42 2		4 47 42 2		4 44 43 2		4 48 43 2		4 49 44 2		4 46 45 2		4 47 46 2		4 48 47 2		4 49 48 2		4 20 25 2		4 29 24 2		
5 0 1 2		5 0 5 2		5 1 2 2		5 1 6 2		5 2 3 2		5 2 7 2		5 3 4 2		5 3 8 2		5 4 9 2		5 5 6 2		5 5 10 2		5 6 7 2		5 6 11 2		5 7 8 2		5 7 12 2		5 8 9 2		5 8 13 2		5 9 14 2		5 10 11 2		5 10 15 2		5 11 12 2		5 11 16 2		5 12 13 2		5 12 17 2		5 13 14 2		5 13 18 2		5 14 19 2		5 15 16 2		5 15 20 2		5 16 17 2		5 16 21 2		5 17 18 2		5 17 22 2		5 18 19 2		5 18 23 2		5 19 24 2		5 20 21 2		5 21 22 2		5 22 23 2		5 23 24 2		5 25 26 2		5 25 30 2		5 26 27 2		5 26 31 2		5 27 28 2		5 27 32 2		5 28 29 2		5 28 33 2		5 29 34 2		5 30 31 2		5 30 35 2		5 31 32 2		5 31 36 2		5 32 33 2		5 32 37 2		5 33 34 2		5 33 38 2		5 34 39 2		5 35 36 2		5 35 40 2		5 36 37 2		5 36 41 2		5 37 38 2		5 37 42 2		5 38 39 2		5 38 43 2		5 39 44 2		5 40 41 2		5 40 45 2		5 41 42 2		5 41 46 2		5 42 43 2		5 42 47 2		5 43 44 2		5 43 48 2		5 44 49 2		5 45 46 2		5 46 47 2		5 47 48 2		5 48 49 2		5 1 0 2		5 5 0 2		5 2 1 2		5 6 1 2		5 3 2 2		5 7 2 2		5 4 3 2		5 8 3 2		5 9 4 2		5 6 5 2		5 10 5 2		5 7 6 2		5 11 6 2		5 8 7 2		5 12 7 2		5 9 8 2		5 13 8 2		5 14 9 2		5 11 10 2		5 15 10 2		5 12 11 2		5 16 11 2		5 13 12 2		5 17 12 2		5 14 13 2		5 18 13 2		5 19 14 2		5 16 15 2		5 20 15 2		5 17 16 2		5 21 16 2		5 18 17 2		5 22 17 2		5 19 18 2		5 23 18 2		5 24 19 2		5 21 20 2		5 22 21 2		5 23 22 2		5 24 23 2		5 26 25 2		5 30 25 2		5 27 26 2		5 31 26 2		5 28 27 2		5 32 27 2		5 29 28 2		5 33 28 2		5 34 29 2		5 31 30 2		5 35 30 2		5 32 31 2		5 36 31 2		5 33 32 2		5 37 32 2		5 34 33 2		5 38 33 2		5 39 34 2		5 36 35 2		5 40 35 2		5 37 36 2		5 41 36 2		5 38 37 2		5 42 37 2		5 39 38 2		5 43 38 2		5 44 39 2		5 41 40 2		5 45 40 2		5 42 41 2		5 46 41 2		5 43 42 2		5 47 42 2		5 44 43 2		5 48 43 2		5 49 44 2		5 46 45 2		5 47 46 2		5 48 47 2		5 49 48 2		5 20 25 2		5 29 24 2		
6 0 1 2		6 0 5 2		6 1 2 2		6 1 6 2		6 2 3 2		6 2 7 2		6 3 4 2		6 3 8 2		6 4 9 2		6 5 6 2		6 5 10 2		6 6 7 2		6 6 11 2		6 7 8 2		6 7 12 2		6 8 9 2		6 8 13 2		6 9 14 2		6 10 11 2		6 10 15 2		6 11 12 2		6 11 16 2		6 12 13 2		6 12 17 2		6 13 14 2		6 13 18 2		6 14 19 2		6 15 16 2		6 15 20 2		6 16 17 2		6 16 21 2		6 17 18 2		6 17 22 2		6 18 19 2		6 18 23 2		6 19 24 2		6 20 21 2		6 21 22 2		6 22 23 2		6 23 24 2		6 25 26 2		6 25 30 2		6 26 27 2		6 26 31 2		6 27 28 2		6 27 32 2		6 28 29 2		6 28 33 2		6 29 34 2		6 30 31 2		6 30 35 2		6 31 32 2		6 31 36 2		6 32 33 2		6 32 37 2		6 33 34 2		6 33 38 2		6 34 39 2		6 35 36 2		6 35 40 2		6 36 37 2		6 36 41 2		6 37 38 2		6 37 42 2		6 38 39 2		6 38 43 2		6 39 44 2		6 40 41 2		6 40 45 2		6 41 42 2		6 41 46 2		6 42 43 2		6 42 47 2		6 43 44 2		6 43 48 2		6 44 49 2		6 45 46 2		6 46 47 2		6 47 48 2		6 48 49 2		6 1 0 2		6 5 0 2		6 2 1 2		6 6 1 2		6 3 2 2		6 7 2 2		6 4 3 2		6 8 3 2		6 9 4 2		6 6 5 2		6 10 5 2		6 7 6 2		6 11 6 2		6 8 7 2		6 12 7 2		6 9 8 2		6 13 8 2		6 14 9 2		6 11 10 2		6 15 10 2		6 12 11 2		6 16 11 2		6 13 12 2		6 17 12 2		6 14 13 2		6 18 13 2		6 19 14 2		6 16 15 2		6 20 15 2		6 17 16 2		6 21 16 2		6 18 17 2		6 22 17 2		6 19 18 2		6 23 18 2		6 24 19 2		6 21 20 2		6 22 21 2		6 23 22 2		6 24 23 2		6 26 25 2		6 30 25 2		6 27 26 2		6 31 26 2		6 28 27 2		6 32 27 2		6 29 28 2		6 33 28 2		6 34 29 2		6 31 30 2		6 35 30 2		6 32 31 2		6 36 31 2		6 33 32 2		6 37 32 2		6 34 33 2		6 38 33 2		6 39 34 2		6 36 35 2		6 40 35 2		6 37 36 2		6 41 36 2		6 38 37 2		6 42 37 2		6 39 38 2		6 43 38 2		6 44 39 2		6 41 40 2		6 45 40 2		6 42 41 2		6 46 41 2		6 43 42 2		6 47 42 2		6 44 43 2		6 48 43 2		6 49 44 2		6 46 45 2		6 47 46 2		6 48 47 2		6 49 48 2		6 20 25 2		6 29 24 2		
7 0 1 2		7 0 5 2		7 1 2 2		7 1 6 2		7 2 3 2		7 2 7 2		7 3 4 2		7 3 8 2		7 4 9 2		7 5 6 2		7 5 10 2		7 6 7 2		7 6 11 2		7 7 8 2		7 7 12 2		7 8 9 2		7 8 13 2		7 9 14 2		7 10 11 2		7 10 15 2		7 11 12 2		7 11 16 2		7 12 13 2		7 12 17 2		7 13 14 2		7 13 18 2		7 14 19 2		7 15 16 2		7 15 20 2		7 16 17 2		7 16 21 2		7 17 18 2		7 17 22 2		7 18 19 2		7 18 23 2		7 19 24 2		7 20 21 2		7 21 22 2		7 22 23 2		7 23 24 2		7 25 26 2		7 25 30 2		7 26 27 2		7 26 31 2		7 27 28 2		7 27 32 2		7 28 29 2		7 28 33 2		7 29 34 2		7 30 31 2		7 30 35 2		7 31 32 2		7 31 36 2		7 32 33 2		7 32 37 2		7 33 34 2		7 33 38 2		7 34 39 2		7 35 36 2		7 35 40 2		7 36 37 2		7 36 41 2		7 37 38 2		7 37 42 2		7 38 39 2		7 38 43 2		7 39 44 2		7 40 41 2		7 40 45 2		7 41 42 2		7 41 46 2		7 42 43 2		7 42 47 2		7 43 44 2		7 43 48 2		7 44 49 2		7 45 46 2		7 46 47 2		7 47 48 2		7 48 49 2		7 1 0 2		7 5 0 2		7 2 1 2		7 6 1 2		7 3 2 2		7 7 2 2		7 4 3 2		7 8 3 2		7 9 4 2		7 6 5 2		7 10 5 2		7 7 6 2		7 11 6 2		7 8 7 2		7 12 7 2		7 9 8 2		7 13 8 2		7 14 9 2		7 11 10 2		7 15 10 2		7 12 11 2		7 16 11 2		7 13 12 2		7 17 12 2		7 14 13 2		7 18 13 2		7 19 14 2		7 16 15 2		7 20 15 2		7 17 16 2		7 21 16 2		7 18 17 2		7 22 17 2		7 19 18 2		7 23 18 2		7 24 19 2		7 21 20 2		7 22 21 2		7 23 22 2		7 24 23 2		7 26 25 2		7 30 25 2		7 27 26 2		7 31 26 2		7 28 27 2		7 32 27 2		7 29 28 2		7 33 28 2		7 34 29 2		7 31 30 2		7 35 30 2		7 32 31 2		7 36 31 2		7 33 32 2		7 37 32 2		7 34 33 2		7 38 33 2		7 39 34 2		7 36 35 2		7 40 35 2		7 37 36 2		7 41 36 2		7 38 37 2		7 42 37 2		7 39 38 2		7 43 38 2		7 44 39 2		7 41 40 2		7 45 40 2		7 42 41 2		7 46 41 2		7 43 42 2		7 47 42 2		7 44 43 2		7 48 43 2		7 49 44 2		7 46 45 2		7 47 46 2		7 48 47 2		7 49 48 2		7 20 25 2		7 29 24 2		
8 0 1 2		8 0 5 2		8 1 2 2		8 1 6 2		8 2 3 2		8 2 7 2		8 3 4 2		8 3 8 2		8 4 9 2		8 5 6 2		8 5 10 2		8 6 7 2		8 6 11 2		8 7 8 2		8 7 12 2		8 8 9 2		8 8 13 2		8 9 14 2		8 10 11 2		8 10 15 2		8 11 12 2		8 11 16 2		8 12 13 2		8 12 17 2		8 13 14 2		8 13 18 2		8 14 19 2		8 15 16 2		8 15 20 2		8 16 17 2		8 16 21 2		8 17 18 2		8 17 22 2		8 18 19 2		8 18 23 2		8 19 24 2		8 20 21 2		8 21 22 2		8 22 23 2		8 23 24 2		8 25 26 2		8 25 30 2		8 26 27 2		8 26 31 2		8 27 28 2		8 27 32 2		8 28 29 2		8 28 33 2		8 29 34 2		8 30 31 2		8 30 35 2		8 31 32 2		8 31 36 2		8 32 33 2		8 32 37 2		8 33 34 2		8 33 38 2		8 34 39 2		8 35 36 2		8 35 40 2		8 36 37 2		8 36 41 2		8 37 38 2		8 37 42 2		8 38 39 2		8 38 43 2		8 39 44 2		8 40 41 2		8 40 45 2		8 41 42 2		8 41 46 2		8 42 43 2		8 42 47 2		8 43 44 2		8 43 48 2		8 44 49 2		8 45 46 2		8 46 47 2		8 47 48 2		8 48 49 2		8 1 0 2		8 5 0 2		8 2 1 2		8 6 1 2		8 3 2 2		8 7 2 2		8 4 3 2		8 8 3 2		8 9 4 2		8 6 5 2		8 10 5 2		8 7 6 2		8 11 6 2		8 8 7 2		8 12 7 2		8 9 8 2		8 13 8 2		8 14 9 2		8 11 10 2		8 15 10 2		8 12 11 2		8 16 11 2		8 13 12 2		8 17 12 2		8 14 13 2		8 18 13 2		8 19 14 2		8 16 15 2		8 20 15 2		8 17 16 2		8 21 16 2		8 18 17 2		8 22 17 2		8 19 18 2		8 23 18 2		8 24 19 2		8 21 20 2		8 22 21 2		8 23 22 2		8 24 23 2		8 26 25 2		8 30 25 2		8 27 26 2		8 31 26 2		8 28 27 2		8 32 27 2		8 29 28 2		8 33 28 2		8 34 29 2		8 31 30 2		8 35 30 2		8 32 31 2		8 36 31 2		8 33 32 2		8 37 32 2		8 34 33 2		8 38 33 2		8 39 34 2		8 36 35 2		8 40 35 2		8 37 36 2		8 41 36 2		8 38 37 2		8 42 37 2		8 39 38 2		8 43 38 2		8 44 39 2		8 41 40 2		8 45 40 2		8 42 41 2		8 46 41 2		8 43 42 2		8 47 42 2		8 44 43 2		8 48 43 2		8 49 44 2		8 46 45 2		8 47 46 2		8 48 47 2		8 49 48 2		8 20 25 2		8 29 24 2		
9 0 1 2		9 0 5 2		9 1 2 2		9 1 6 2		9 2 3 2		9 2 7 2		9 3 4 2		9 3 8 2		9 4 9 2		9 5 6 2		9 5 10 2		9 6 7 2		9 6 11 2		9 7 8 2		9 7 12 2		9 8 9 2		9 8 13 2		9 9 14 2		9 10 11 2		9 10 15 2		9 11 12 2		9 11 16 2		9 12 13 2		9 12 17 2		9 13 14 2		9 13 18 2		9 14 19 2		9 15 16 2		9 15 20 2		9 16 17 2		9 16 21 2		9 17 18 2		9 17 22 2		9 18 19 2		9 18 23 2		9 19 24 2		9 20 21 2		9 21 22 2		9 22 23 2		9 23 24 2		9 25 26 2		9 25 30 2		9 26 27 2		9 26 31 2		9 27 28 2		9 27 32 2		9 28 29 2		9 28 33 2		9 29 34 2		9 30 31 2		9 30 35 2		9 31 32 2		9 31 36 2		9 32 33 2		9 32 37 2		9 33 34 2		9 33 38 2		9 34 39 2		9 35 36 2		9 35 40 2		9 36 37 2		9 36 41 2		9 37 38 2		9 37 42 2		9 38 39 2		9 38 43 2		9 39 44 2		9 40 41 2		9 40 45 2		9 41 42 2		9 41 46 2		9 42 43 2		9 42 47 2		9 43 44 2		9 43 48 2		9 44 49 2		9 45 46 2		9 46 47 2		9 47 48 2		9 48 49 2		9 1 0 2		9 5 0 2		9 2 1 2		9 6 1 2		9 3 2 2		9 7 2 2		9 4 3 2		9 8 3 2		9 9 4 2		9 6 5 2		9 10 5 2		9 7 6 2		9 11 6 2		9 8 7 2		9 12 7 2		9 9 8 2		9 13 8 2		9 14 9 2		9 11 10 2		9 15 10 2		9 12 11 2		9 16 11 2		9 13 12 2		9 17 12 2		9 14 13 2		9 18 13 2		9 19 14 2		9 16 15 2		9 20 15 2		9 17 16 2		9 21 16 2		9 18 17 2		9 22 17 2		9 19 18 2		9 23 18 2		9 24 19 2		9 21 20 2		9 22 21 2		9 23 22 2		9 24 23 2		9 26 25 2		9 30 25 2		9 27 26 2		9 31 26 2		9 28 27 2		9 32 27 2		9 29 28 2		9 33 28 2		9 34 29 2		9 31 30 2		9 35 30 2		9 32 31 2		9 36 31 2		9 33 32 2		9 37 32 2		9 34 33 2		9 38 33 2		9 39 34 2		9 36 35 2		9 40 35 2		9 37 36 2		9 41 36 2		9 38 37 2		9 42 37 2		9 39 38 2		9 43 38 2		9 44 39 2		9 41 40 2		9 45 40 2		9 42 41 2		9 46 41 2		9 43 42 2		9 47 42 2		9 44 43 2		9 48 43 2		9 49 44 2		9 46 45 2		9 47 46 2		9 48 47 2		9 49 48 2		9 20 25 2		9 29 24 2		
10 0 1 2		10 0 5 2		10 1 2 2		10 1 6 2		10 2 3 2		10 2 7 2		10 3 4 2		10 3 8 2		10 4 9 2		10 5 6 2		10 5 10 2		10 6 7 2		10 6 11 2		10 7 8 2		10 7 12 2		10 8 9 2		10 8 13 2		10 9 14 2		10 10 11 2		10 10 15 2		10 11 12 2		10 11 16 2		10 12 13 2		10 12 17 2		10 13 14 2		10 13 18 2		10 14 19 2		10 15 16 2		10 15 20 2		10 16 17 2		10 16 21 2		10 17 18 2		10 17 22 2		10 18 19 2		10 18 23 2		10 19 24 2		10 20 21 2		10 21 22 2		10 22 23 2		10 23 24 2		10 25 26 2		10 25 30 2		10 26 27 2		10 26 31 2		10 27 28 2		10 27 32 2		10 28 29 2		10 28 33 2		10 29 34 2		10 30 31 2		10 30 35 2		10 31 32 2		10 31 36 2		10 32 33 2		10 32 37 2		10 33 34 2		10 33 38 2		10 34 39 2		10 35 36 2		10 35 40 2		10 36 37 2		10 36 41 2		10 37 38 2		10 37 42 2		10 38 39 2		10 38 43 2		10 39 44 2		10 40 41 2		10 40 45 2		10 41 42 2		10 41 46 2		10 42 43 2		10 42 47 2		10 43 44 2		10 43 48 2		10 44 49 2		10 45 46 2		10 46 47 2		10 47 48 2		10 48 49 2		10 1 0 2		10 5 0 2		10 2 1 2		10 6 1 2		10 3 2 2		10 7 2 2		10 4 3 2		10 8 3 2		10 9 4 2		10 6 5 2		10 10 5 2		10 7 6 2		10 11 6 2		10 8 7 2		10 12 7 2		10 9 8 2		10 13 8 2		10 14 9 2		10 11 10 2		10 15 10 2		10 12 11 2		10 16 11 2		10 13 12 2		10 17 12 2		10 14 13 2		10 18 13 2		10 19 14 2		10 16 15 2		10 20 15 2		10 17 16 2		10 21 16 2		10 18 17 2		10 22 17 2		10 19 18 2		10 23 18 2		10 24 19 2		10 21 20 2		10 22 21 2		10 23 22 2		10 24 23 2		10 26 25 2		10 30 25 2		10 27 26 2		10 31 26 2		10 28 27 2		10 32 27 2		10 29 28 2		10 33 28 2		10 34 29 2		10 31 30 2		10 35 30 2		10 32 31 2		10 36 31 2		10 33 32 2		10 37 32 2		10 34 33 2		10 38 33 2		10 39 34 2		10 36 35 2		10 40 35 2		10 37 36 2		10 41 36 2		10 38 37 2		10 42 37 2		10 39 38 2		10 43 38 2		10 44 39 2		10 41 40 2		10 45 40 2		10 42 41 2		10 46 41 2		10 43 42 2		10 47 42 2		10 44 43 2		10 48 43 2		10 49 44 2		10 46 45 2		10 47 46 2		10 48 47 2		10 49 48 2		10 20 25 2		10 29 24 2		
11 0 1 2		11 0 5 2		11 1 2 2		11 1 6 2		11 2 3 2		11 2 7 2		11 3 4 2		11 3 8 2		11 4 9 2		11 5 6 2		11 5 10 2		11 6 7 2		11 6 11 2		11 7 8 2		11 7 12 2		11 8 9 2		11 8 13 2		11 9 14 2		11 10 11 2		11 10 15 2		11 11 12 2		11 11 16 2		11 12 13 2		11 12 17 2		11 13 14 2		11 13 18 2		11 14 19 2		11 15 16 2		11 15 20 2		11 16 17 2		11 16 21 2		11 17 18 2		11 17 22 2		11 18 19 2		11 18 23 2		11 19 24 2		11 20 21 2		11 21 22 2		11 22 23 2		11 23 24 2		11 25 26 2		11 25 30 2		11 26 27 2		11 26 31 2		11 27 28 2		11 27 32 2		11 28 29 2		11 28 33 2		11 29 34 2		11 30 31 2		11 30 35 2		11 31 32 2		11 31 36 2		11 32 33 2		11 32 37 2		11 33 34 2		11 33 38 2		11 34 39 2		11 35 36 2		11 35 40 2		11 36 37 2		11 36 41 2		11 37 38 2		11 37 42 2		11 38 39 2		11 38 43 2		11 39 44 2		11 40 41 2		11 40 45 2		11 41 42 2		11 41 46 2		11 42 43 2		11 42 47 2		11 43 44 2		11 43 48 2		11 44 49 2		11 45 46 2		11 46 47 2		11 47 48 2		11 48 49 2		11 1 0 2		11 5 0 2		11 2 1 2		11 6 1 2		11 3 2 2		11 7 2 2		11 4 3 2		11 8 3 2		11 9 4 2		11 6 5 2		11 10 5 2		11 7 6 2		11 11 6 2		11 8 7 2		11 12 7 2		11 9 8 2		11 13 8 2		11 14 9 2		11 11 10 2		11 15 10 2		11 12 11 2		11 16 11 2		11 13 12 2		11 17 12 2		11 14 13 2		11 18 13 2		11 19 14 2		11 16 15 2		11 20 15 2		11 17 16 2		11 21 16 2		11 18 17 2		11 22 17 2		11 19 18 2		11 23 18 2		11 24 19 2		11 21 20 2		11 22 21 2		11 23 22 2		11 24 23 2		11 26 25 2		11 30 25 2		11 27 26 2		11 31 26 2		11 28 27 2		11 32 27 2		11 29 28 2		11 33 28 2		11 34 29 2		11 31 30 2		11 35 30 2		11 32 31 2		11 36 31 2		11 33 32 2		11 37 32 2		11 34 33 2		11 38 33 2		11 39 34 2		11 36 35 2		11 40 35 2		11 37 36 2		11 41 36 2		11 38 37 2		11 42 37 2		11 39 38 2		11 43 38 2		11 44 39 2		11 41 40 2		11 45 40 2		11 42 41 2		11 46 41 2		11 43 42 2		11 47 42 2		11 44 43 2		11 48 43 2		11 49 44 2		11 46 45 2		11 47 46 2		11 48 47 2		11 49 48 2		11 20 25 2		11 29 24 2		
12 0 1 2		12 0 5 2		12 1 2 2		12 1 6 2		12 2 3 2		12 2 7 2		12 3 4 2		12 3 8 2		12 4 9 2		12 5 6 2		12 5 10 2		12 6 7 2		12 6 11 2		12 7 8 2		12 7 12 2		12 8 9 2		12 8 13 2		12 9 14 2		12 10 11 2		12 10 15 2		12 11 12 2		12 11 16 2		12 12 13 2		12 12 17 2		12 13 14 2		12 13 18 2		12 14 19 2		12 15 16 2		12 15 20 2		12 16 17 2		12 16 21 2		12 17 18 2		12 17 22 2		12 18 19 2		12 18 23 2		12 19 24 2		12 20 21 2		12 21 22 2		12 22 23 2		12 23 24 2		12 25 26 2		12 25 30 2		12 26 27 2		12 26 31 2		12 27 28 2		12 27 32 2		12 28 29 2		12 28 33 2		12 29 34 2		12 30 31 2		12 30 35 2		12 31 32 2		12 31 36 2		12 32 33 2		12 32 37 2		12 33 34 2		12 33 38 2		12 34 39 2		12 35 36 2		12 35 40 2		12 36 37 2		12 36 41 2		12 37 38 2		12 37 42 2		12 38 39 2		12 38 43 2		12 39 44 2		12 40 41 2		12 40 45 2		12 41 42 2		12 41 46 2		12 42 43 2		12 42 47 2		12 43 44 2		12 43 48 2		12 44 49 2		12 45 46 2		12 46 47 2		12 47 48 2		12 48 49 2		12 1 0 2		12 5 0 2		12 2 1 2		12 6 1 2		12 3 2 2		12 7 2 2		12 4 3 2		12 8 3 2		12 9 4 2		12 6 5 2		12 10 5 2		12 7 6 2		12 11 6 2		12 8 7 2		12 12 7 2		12 9 8 2		12 13 8 2		12 14 9 2		12 11 10 2		12 15 10 2		12 12 11 2		12 16 11 2		12 13 12 2		12 17 12 2		12 14 13 2		12 18 13 2		12 19 14 2		12 16 15 2		12 20 15 2		12 17 16 2		12 21 16 2		12 18 17 2		12 22 17 2		12 19 18 2		12 23 18 2		12 24 19 2		12 21 20 2		12 22 21 2		12 23 22 2		12 24 23 2		12 26 25 2		12 30 25 2		12 27 26 2		12 31 26 2		12 28 27 2		12 32 27 2		12 29 28 2		12 33 28 2		12 34 29 2		12 31 30 2		12 35 30 2		12 32 31 2		12 36 31 2		12 33 32 2		12 37 32 2		12 34 33 2		12 38 33 2		12 39 34 2		12 36 35 2		12 40 35 2		12 37 36 2		12 41 36 2		12 38 37 2		12 42 37 2		12 39 38 2		12 43 38 2		12 44 39 2		12 41 40 2		12 45 40 2		12 42 41 2		12 46 41 2		12 43 42 2		12 47 42 2		12 44 43 2		12 48 43 2		12 49 44 2		12 46 45 2		12 47 46 2		12 48 47 2		12 49 48 2		12 20 25 2		12 29 24 2		
13 0 1 2		13 0 5 2		13 1 2 2		13 1 6 2		13 2 3 2		13 2 7 2		13 3 4 2		13 3 8 2		13 4 9 2		13 5 6 2		13 5 10 2		13 6 7 2		13 6 11 2		13 7 8 2		13 7 12 2		13 8 9 2		13 8 13 2		13 9 14 2		13 10 11 2		13 10 15 2		13 11 12 2		13 11 16 2		13 12 13 2		13 12 17 2		13 13 14 2		13 13 18 2		13 14 19 2		13 15 16 2		13 15 20 2		13 16 17 2		13 16 21 2		13 17 18 2		13 17 22 2		13 18 19 2		13 18 23 2		13 19 24 2		13 20 21 2		13 21 22 2		13 22 23 2		13 23 24 2		13 25 26 2		13 25 30 2		13 26 27 2		13 26 31 2		13 27 28 2		13 27 32 2		13 28 29 2		13 28 33 2		13 29 34 2		13 30 31 2		13 30 35 2		13 31 32 2		13 31 36 2		13 32 33 2		13 32 37 2		13 33 34 2		13 33 38 2		13 34 39 2		13 35 36 2		13 35 40 2		13 36 37 2		13 36 41 2		13 37 38 2		13 37 42 2		13 38 39 2		13 38 43 2		13 39 44 2		13 40 41 2		13 40 45 2		13 41 42 2		13 41 46 2		13 42 43 2		13 42 47 2		13 43 44 2		13 43 48 2		13 44 49 2		13 45 46 2		13 46 47 2		13 47 48 2		13 48 49 2		13 1 0 2		13 5 0 2		13 2 1 2		13 6 1 2		13 3 2 2		13 7 2 2		13 4 3 2		13 8 3 2		13 9 4 2		13 6 5 2		13 10 5 2		13 7 6 2		13 11 6 2		13 8 7 2		13 12 7 2		13 9 8 2		13 13 8 2		13 14 9 2		13 11 10 2		13 15 10 2		13 12 11 2		13 16 11 2		13 13 12 2		13 17 12 2		13 14 13 2		13 18 13 2		13 19 14 2		13 16 15 2		13 20 15 2		13 17 16 2		13 21 16 2		13 18 17 2		13 22 17 2		13 19 18 2		13 23 18 2		13 24 19 2		13 21 20 2		13 22 21 2		13 23 22 2		13 24 23 2		13 26 25 2		13 30 25 2		13 27 26 2		13 31 26 2		13 28 27 2		13 32 27 2		13 29 28 2		13 33 28 2		13 34 29 2		13 31 30 2		13 35 30 2		13 32 31 2		13 36 31 2		13 33 32 2		13 37 32 2		13 34 33 2		13 38 33 2		13 39 34 2		13 36 35 2		13 40 35 2		13 37 36 2		13 41 36 2		13 38 37 2		13 42 37 2		13 39 38 2		13 43 38 2		13 44 39 2		13 41 40 2		13 45 40 2		13 42 41 2		13 46 41 2		13 43 42 2		13 47 42 2		13 44 43 2		13 48 43 2		13 49 44 2		13 46 45 2		13 47 46 2		13 48 47 2		13 49 48 2		13 20 25 2		13 29 24 2		
14 0 1 2		14 0 5 2		14 1 2 2		14 1 6 2		14 2 3 2		14 2 7 2		14 3 4 2		14 3 8 2		14 4 9 2		14 5 6 2		14 5 10 2		14 6 7 2		14 6 11 2		14 7 8 2		14 7 12 2		14 8 9 2		14 8 13 2		14 9 14 2		14 10 11 2		14 10 15 2		14 11 12 2		14 11 16 2		14 12 13 2		14 12 17 2		14 13 14 2		14 13 18 2		14 14 19 2		14 15 16 2		14 15 20 2		14 16 17 2		14 16 21 2		14 17 18 2		14 17 22 2		14 18 19 2		14 18 23 2		14 19 24 2		14 20 21 2		14 21 22 2		14 22 23 2		14 23 24 2		14 25 26 2		14 25 30 2		14 26 27 2		14 26 31 2		14 27 28 2		14 27 32 2		14 28 29 2		14 28 33 2		14 29 34 2		14 30 31 2		14 30 35 2		14 31 32 2		14 31 36 2		14 32 33 2		14 32 37 2		14 33 34 2		14 33 38 2		14 34 39 2		14 35 36 2		14 35 40 2		14 36 37 2		14 36 41 2		14 37 38 2		14 37 42 2		14 38 39 2		14 38 43 2		14 39 44 2		14 40 41 2		14 40 45 2		14 41 42 2		14 41 46 2		14 42 43 2		14 42 47 2		14 43 44 2		14 43 48 2		14 44 49 2		14 45 46 2		14 46 47 2		14 47 48 2		14 48 49 2		14 1 0 2		14 5 0 2		14 2 1 2		14 6 1 2		14 3 2 2		14 7 2 2		14 4 3 2		14 8 3 2		14 9 4 2		14 6 5 2		14 10 5 2		14 7 6 2		14 11 6 2		14 8 7 2		14 12 7 2		14 9 8 2		14 13 8 2		14 14 9 2		14 11 10 2		14 15 10 2		14 12 11 2		14 16 11 2		14 13 12 2		14 17 12 2		14 14 13 2		14 18 13 2		14 19 14 2		14 16 15 2		14 20 15 2		14 17 16 2		14 21 16 2		14 18 17 2		14 22 17 2		14 19 18 2		14 23 18 2		14 24 19 2		14 21 20 2		14 22 21 2		14 23 22 2		14 24 23 2		14 26 25 2		14 30 25 2		14 27 26 2		14 31 26 2		14 28 27 2		14 32 27 2		14 29 28 2		14 33 28 2		14 34 29 2		14 31 30 2		14 35 30 2		14 32 31 2		14 36 31 2		14 33 32 2		14 37 32 2		14 34 33 2		14 38 33 2		14 39 34 2		14 36 35 2		14 40 35 2		14 37 36 2		14 41 36 2		14 38 37 2		14 42 37 2		14 39 38 2		14 43 38 2		14 44 39 2		14 41 40 2		14 45 40 2		14 42 41 2		14 46 41 2		14 43 42 2		14 47 42 2		14 44 43 2		14 48 43 2		14 49 44 2		14 46 45 2		14 47 46 2		14 48 47 2		14 49 48 2		14 20 25 2		14 29 24 2		 ;
param angleM:=
1 0 2 1		1 0 6 1		
5 0 6 1		5 0 10 1		
2 1 3 1		2 1 7 1		
6 1 5 1		6 1 7 1		6 1 11 1		
3 2 4 1		3 2 8 1		
7 2 6 1		7 2 8 1		7 2 12 1		
4 3 9 1		
8 3 7 1		8 3 9 1		8 3 13 1		
9 4 8 1		9 4 14 1		
6 5 1 1		6 5 7 1		6 5 11 1		
10 5 11 1		10 5 15 1		
7 6 2 1		7 6 8 1		7 6 12 1		
11 6 10 1		11 6 12 1		11 6 16 1		
8 7 3 1		8 7 9 1		8 7 13 1		
12 7 11 1		12 7 13 1		12 7 17 1		
9 8 4 1		9 8 14 1		
13 8 12 1		13 8 14 1		13 8 18 1		
14 9 13 1		14 9 19 1		
11 10 6 1		11 10 12 1		11 10 16 1		
15 10 16 1		15 10 20 1		
12 11 7 1		12 11 13 1		12 11 17 1		
16 11 15 1		16 11 17 1		16 11 21 1		
13 12 8 1		13 12 14 1		13 12 18 1		
17 12 16 1		17 12 18 1		17 12 22 1		
14 13 9 1		14 13 19 1		
18 13 17 1		18 13 19 1		18 13 23 1		
19 14 18 1		19 14 24 1		
16 15 11 1		16 15 17 1		16 15 21 1		
20 15 21 1		
17 16 12 1		17 16 18 1		17 16 22 1		
21 16 20 1		21 16 22 1		
18 17 13 1		18 17 19 1		18 17 23 1		
22 17 21 1		22 17 23 1		
19 18 14 1		19 18 24 1		
23 18 22 1		23 18 24 1		
24 19 23 1		24 19 29 1		
21 20 16 1		21 20 22 1		
22 21 17 1		22 21 23 1		
23 22 18 1		23 22 24 1		
24 23 19 1		24 23 29 1		
26 25 27 1		26 25 31 1		
30 25 31 1		30 25 35 1		
27 26 28 1		27 26 32 1		
31 26 30 1		31 26 32 1		31 26 36 1		
28 27 29 1		28 27 33 1		
32 27 31 1		32 27 33 1		32 27 37 1		
29 28 34 1		
33 28 32 1		33 28 34 1		33 28 38 1		
34 29 33 1		34 29 39 1		
31 30 26 1		31 30 32 1		31 30 36 1		
35 30 36 1		35 30 40 1		
32 31 27 1		32 31 33 1		32 31 37 1		
36 31 35 1		36 31 37 1		36 31 41 1		
33 32 28 1		33 32 34 1		33 32 38 1		
37 32 36 1		37 32 38 1		37 32 42 1		
34 33 29 1		34 33 39 1		
38 33 37 1		38 33 39 1		38 33 43 1		
39 34 38 1		39 34 44 1		
36 35 31 1		36 35 37 1		36 35 41 1		
40 35 41 1		40 35 45 1		
37 36 32 1		37 36 38 1		37 36 42 1		
41 36 40 1		41 36 42 1		41 36 46 1		
38 37 33 1		38 37 39 1		38 37 43 1		
42 37 41 1		42 37 43 1		42 37 47 1		
39 38 34 1		39 38 44 1		
43 38 42 1		43 38 44 1		43 38 48 1		
44 39 43 1		44 39 49 1		
41 40 36 1		41 40 42 1		41 40 46 1		
45 40 46 1		
42 41 37 1		42 41 43 1		42 41 47 1		
46 41 45 1		46 41 47 1		
43 42 38 1		43 42 44 1		43 42 48 1		
47 42 46 1		47 42 48 1		
44 43 39 1		44 43 49 1		
48 43 47 1		48 43 49 1		
49 44 48 1		
46 45 41 1		46 45 47 1		
47 46 42 1		47 46 48 1		
48 47 43 1		48 47 49 1		
49 48 44 1		
0 1 5 1		
0 5 1 1		
1 2 0 1		1 2 6 1		
1 6 0 1		1 6 2 1		
2 3 1 1		2 3 7 1		
2 7 1 1		2 7 3 1		
3 4 2 1		3 4 8 1		
3 8 2 1		3 8 4 1		
4 9 3 1		
5 6 0 1		5 6 10 1		
5 10 0 1		5 10 6 1		
6 7 1 1		6 7 5 1		6 7 11 1		
6 11 1 1		6 11 5 1		6 11 7 1		
7 8 2 1		7 8 6 1		7 8 12 1		
7 12 2 1		7 12 6 1		7 12 8 1		
8 9 3 1		8 9 7 1		8 9 13 1		
8 13 3 1		8 13 7 1		8 13 9 1		
9 14 4 1		9 14 8 1		
10 11 5 1		10 11 15 1		
10 15 5 1		10 15 11 1		
11 12 6 1		11 12 10 1		11 12 16 1		
11 16 6 1		11 16 10 1		11 16 12 1		
12 13 7 1		12 13 11 1		12 13 17 1		
12 17 7 1		12 17 11 1		12 17 13 1		
13 14 8 1		13 14 12 1		13 14 18 1		
13 18 8 1		13 18 12 1		13 18 14 1		
14 19 9 1		14 19 13 1		
15 16 10 1		15 16 20 1		
15 20 10 1		15 20 16 1		
16 17 11 1		16 17 15 1		16 17 21 1		
16 21 11 1		16 21 15 1		16 21 17 1		
17 18 12 1		17 18 16 1		17 18 22 1		
17 22 12 1		17 22 16 1		17 22 18 1		
18 19 13 1		18 19 17 1		18 19 23 1		
18 23 13 1		18 23 17 1		18 23 19 1		
19 24 14 1		19 24 18 1		
20 21 15 1		
21 22 16 1		21 22 20 1		
22 23 17 1		22 23 21 1		
23 24 18 1		23 24 22 1		
25 26 30 1		25 26 20 1		
25 30 26 1		25 30 20 1		
26 27 25 1		26 27 31 1		
26 31 25 1		26 31 27 1		
27 28 26 1		27 28 32 1		
27 32 26 1		27 32 28 1		
28 29 27 1		28 29 33 1		
28 33 27 1		28 33 29 1		
29 34 28 1		
30 31 25 1		30 31 35 1		
30 35 25 1		30 35 31 1		
31 32 26 1		31 32 30 1		31 32 36 1		
31 36 26 1		31 36 30 1		31 36 32 1		
32 33 27 1		32 33 31 1		32 33 37 1		
32 37 27 1		32 37 31 1		32 37 33 1		
33 34 28 1		33 34 32 1		33 34 38 1		
33 38 28 1		33 38 32 1		33 38 34 1		
34 39 29 1		34 39 33 1		
35 36 30 1		35 36 40 1		
35 40 30 1		35 40 36 1		
36 37 31 1		36 37 35 1		36 37 41 1		
36 41 31 1		36 41 35 1		36 41 37 1		
37 38 32 1		37 38 36 1		37 38 42 1		
37 42 32 1		37 42 36 1		37 42 38 1		
38 39 33 1		38 39 37 1		38 39 43 1		
38 43 33 1		38 43 37 1		38 43 39 1		
39 44 34 1		39 44 38 1		
40 41 35 1		40 41 45 1		
40 45 35 1		40 45 41 1		
41 42 36 1		41 42 40 1		41 42 46 1		
41 46 36 1		41 46 40 1		41 46 42 1		
42 43 37 1		42 43 41 1		42 43 47 1		
42 47 37 1		42 47 41 1		42 47 43 1		
43 44 38 1		43 44 42 1		43 44 48 1		
43 48 38 1		43 48 42 1		43 48 44 1		
44 49 39 1		44 49 43 1		
45 46 40 1		
46 47 41 1		46 47 45 1		
47 48 42 1		47 48 46 1		
48 49 43 1		48 49 47 1		
25 20 26 1		25 20 30 1		
24 29 19 1		24 29 23 1		;
param angleP:=
0 1 5 1		
0 5 1 1		
1 2 6 1		1 2 0 1		
1 6 2 1		1 6 0 1		
2 3 7 1		2 3 1 1		
2 7 3 1		2 7 1 1		
3 4 8 1		3 4 2 1		
3 8 4 1		3 8 2 1		
4 9 3 1		
5 6 10 1		5 6 0 1		
5 10 6 1		5 10 0 1		
6 7 11 1		6 7 1 1		6 7 5 1		
6 11 7 1		6 11 1 1		6 11 5 1		
7 8 12 1		7 8 2 1		7 8 6 1		
7 12 8 1		7 12 2 1		7 12 6 1		
8 9 13 1		8 9 3 1		8 9 7 1		
8 13 9 1		8 13 3 1		8 13 7 1		
9 14 4 1		9 14 8 1		
10 11 15 1		10 11 5 1		
10 15 11 1		10 15 5 1		
11 12 16 1		11 12 6 1		11 12 10 1		
11 16 12 1		11 16 6 1		11 16 10 1		
12 13 17 1		12 13 7 1		12 13 11 1		
12 17 13 1		12 17 7 1		12 17 11 1		
13 14 18 1		13 14 8 1		13 14 12 1		
13 18 14 1		13 18 8 1		13 18 12 1		
14 19 9 1		14 19 13 1		
15 16 20 1		15 16 10 1		
15 20 16 1		15 20 10 1		
16 17 21 1		16 17 11 1		16 17 15 1		
16 21 17 1		16 21 11 1		16 21 15 1		
17 18 22 1		17 18 12 1		17 18 16 1		
17 22 18 1		17 22 12 1		17 22 16 1		
18 19 23 1		18 19 13 1		18 19 17 1		
18 23 19 1		18 23 13 1		18 23 17 1		
19 24 14 1		19 24 18 1		
20 21 15 1		20 21 25 1		
21 22 16 1		21 22 20 1		
22 23 17 1		22 23 21 1		
23 24 18 1		23 24 22 1		
25 26 30 1		
25 30 26 1		
26 27 31 1		26 27 25 1		
26 31 27 1		26 31 25 1		
27 28 32 1		27 28 26 1		
27 32 28 1		27 32 26 1		
28 29 33 1		28 29 27 1		
28 33 29 1		28 33 27 1		
29 34 28 1		29 34 24 1		
30 31 35 1		30 31 25 1		
30 35 31 1		30 35 25 1		
31 32 36 1		31 32 26 1		31 32 30 1		
31 36 32 1		31 36 26 1		31 36 30 1		
32 33 37 1		32 33 27 1		32 33 31 1		
32 37 33 1		32 37 27 1		32 37 31 1		
33 34 38 1		33 34 28 1		33 34 32 1		
33 38 34 1		33 38 28 1		33 38 32 1		
34 39 29 1		34 39 33 1		
35 36 40 1		35 36 30 1		
35 40 36 1		35 40 30 1		
36 37 41 1		36 37 31 1		36 37 35 1		
36 41 37 1		36 41 31 1		36 41 35 1		
37 38 42 1		37 38 32 1		37 38 36 1		
37 42 38 1		37 42 32 1		37 42 36 1		
38 39 43 1		38 39 33 1		38 39 37 1		
38 43 39 1		38 43 33 1		38 43 37 1		
39 44 34 1		39 44 38 1		
40 41 45 1		40 41 35 1		
40 45 41 1		40 45 35 1		
41 42 46 1		41 42 36 1		41 42 40 1		
41 46 42 1		41 46 36 1		41 46 40 1		
42 43 47 1		42 43 37 1		42 43 41 1		
42 47 43 1		42 47 37 1		42 47 41 1		
43 44 48 1		43 44 38 1		43 44 42 1		
43 48 44 1		43 48 38 1		43 48 42 1		
44 49 39 1		44 49 43 1		
45 46 40 1		
46 47 41 1		46 47 45 1		
47 48 42 1		47 48 46 1		
48 49 43 1		48 49 47 1		
1 0 2 1		1 0 6 1		
5 0 6 1		5 0 10 1		
2 1 3 1		2 1 7 1		
6 1 7 1		6 1 11 1		6 1 5 1		
3 2 4 1		3 2 8 1		
7 2 8 1		7 2 12 1		7 2 6 1		
4 3 9 1		
8 3 9 1		8 3 13 1		8 3 7 1		
9 4 14 1		9 4 8 1		
6 5 7 1		6 5 11 1		6 5 1 1		
10 5 11 1		10 5 15 1		
7 6 8 1		7 6 12 1		7 6 2 1		
11 6 12 1		11 6 16 1		11 6 10 1		
8 7 9 1		8 7 13 1		8 7 3 1		
12 7 13 1		12 7 17 1		12 7 11 1		
9 8 14 1		9 8 4 1		
13 8 14 1		13 8 18 1		13 8 12 1		
14 9 19 1		14 9 13 1		
11 10 12 1		11 10 16 1		11 10 6 1		
15 10 16 1		15 10 20 1		
12 11 13 1		12 11 17 1		12 11 7 1		
16 11 17 1		16 11 21 1		16 11 15 1		
13 12 14 1		13 12 18 1		13 12 8 1		
17 12 18 1		17 12 22 1		17 12 16 1		
14 13 19 1		14 13 9 1		
18 13 19 1		18 13 23 1		18 13 17 1		
19 14 24 1		19 14 18 1		
16 15 17 1		16 15 21 1		16 15 11 1		
20 15 21 1		20 15 25 1		
17 16 18 1		17 16 22 1		17 16 12 1		
21 16 22 1		21 16 20 1		
18 17 19 1		18 17 23 1		18 17 13 1		
22 17 23 1		22 17 21 1		
19 18 24 1		19 18 14 1		
23 18 24 1		23 18 22 1		
24 19 23 1		
21 20 22 1		21 20 16 1		
22 21 23 1		22 21 17 1		
23 22 24 1		23 22 18 1		
24 23 19 1		
26 25 27 1		26 25 31 1		
30 25 31 1		30 25 35 1		
27 26 28 1		27 26 32 1		
31 26 32 1		31 26 36 1		31 26 30 1		
28 27 29 1		28 27 33 1		
32 27 33 1		32 27 37 1		32 27 31 1		
29 28 34 1		29 28 24 1		
33 28 34 1		33 28 38 1		33 28 32 1		
34 29 39 1		34 29 33 1		
31 30 32 1		31 30 36 1		31 30 26 1		
35 30 36 1		35 30 40 1		
32 31 33 1		32 31 37 1		32 31 27 1		
36 31 37 1		36 31 41 1		36 31 35 1		
33 32 34 1		33 32 38 1		33 32 28 1		
37 32 38 1		37 32 42 1		37 32 36 1		
34 33 39 1		34 33 29 1		
38 33 39 1		38 33 43 1		38 33 37 1		
39 34 44 1		39 34 38 1		
36 35 37 1		36 35 41 1		36 35 31 1		
40 35 41 1		40 35 45 1		
37 36 38 1		37 36 42 1		37 36 32 1		
41 36 42 1		41 36 46 1		41 36 40 1		
38 37 39 1		38 37 43 1		38 37 33 1		
42 37 43 1		42 37 47 1		42 37 41 1		
39 38 44 1		39 38 34 1		
43 38 44 1		43 38 48 1		43 38 42 1		
44 39 49 1		44 39 43 1		
41 40 42 1		41 40 46 1		41 40 36 1		
45 40 46 1		
42 41 43 1		42 41 47 1		42 41 37 1		
46 41 47 1		46 41 45 1		
43 42 44 1		43 42 48 1		43 42 38 1		
47 42 48 1		47 42 46 1		
44 43 49 1		44 43 39 1		
48 43 49 1		48 43 47 1		
49 44 48 1		
46 45 47 1		46 45 41 1		
47 46 48 1		47 46 42 1		
48 47 49 1		48 47 43 1		
49 48 44 1		
20 25 21 1		20 25 15 1		
29 24 34 1		29 24 28 1		;
param anglePM:=
0 1 5 1		
0 5 1 1		
1 2 0 1		1 2 6 1		
1 6 0 1		1 6 2 1		
2 3 1 1		2 3 7 1		
2 7 1 1		2 7 3 1		
3 4 2 1		3 4 8 1		
3 8 2 1		3 8 4 1		
4 9 3 1		
5 6 0 1		5 6 10 1		
5 10 0 1		5 10 6 1		
6 7 1 1		6 7 5 1		6 7 11 1		
6 11 1 1		6 11 5 1		6 11 7 1		
7 8 2 1		7 8 6 1		7 8 12 1		
7 12 2 1		7 12 6 1		7 12 8 1		
8 9 3 1		8 9 7 1		8 9 13 1		
8 13 3 1		8 13 7 1		8 13 9 1		
9 14 4 1		9 14 8 1		
10 11 5 1		10 11 15 1		
10 15 5 1		10 15 11 1		
11 12 6 1		11 12 10 1		11 12 16 1		
11 16 6 1		11 16 10 1		11 16 12 1		
12 13 7 1		12 13 11 1		12 13 17 1		
12 17 7 1		12 17 11 1		12 17 13 1		
13 14 8 1		13 14 12 1		13 14 18 1		
13 18 8 1		13 18 12 1		13 18 14 1		
14 19 9 1		14 19 13 1		
15 16 10 1		15 16 20 1		
15 20 10 1		15 20 16 1		
16 17 11 1		16 17 15 1		16 17 21 1		
16 21 11 1		16 21 15 1		16 21 17 1		
17 18 12 1		17 18 16 1		17 18 22 1		
17 22 12 1		17 22 16 1		17 22 18 1		
18 19 13 1		18 19 17 1		18 19 23 1		
18 23 13 1		18 23 17 1		18 23 19 1		
19 24 14 1		19 24 18 1		
20 21 15 1		
21 22 16 1		21 22 20 1		
22 23 17 1		22 23 21 1		
23 24 18 1		23 24 22 1		
25 26 30 1		25 26 20 1		
25 30 26 1		25 30 20 1		
26 27 25 1		26 27 31 1		
26 31 25 1		26 31 27 1		
27 28 26 1		27 28 32 1		
27 32 26 1		27 32 28 1		
28 29 27 1		28 29 33 1		
28 33 27 1		28 33 29 1		
29 34 28 1		
30 31 25 1		30 31 35 1		
30 35 25 1		30 35 31 1		
31 32 26 1		31 32 30 1		31 32 36 1		
31 36 26 1		31 36 30 1		31 36 32 1		
32 33 27 1		32 33 31 1		32 33 37 1		
32 37 27 1		32 37 31 1		32 37 33 1		
33 34 28 1		33 34 32 1		33 34 38 1		
33 38 28 1		33 38 32 1		33 38 34 1		
34 39 29 1		34 39 33 1		
35 36 30 1		35 36 40 1		
35 40 30 1		35 40 36 1		
36 37 31 1		36 37 35 1		36 37 41 1		
36 41 31 1		36 41 35 1		36 41 37 1		
37 38 32 1		37 38 36 1		37 38 42 1		
37 42 32 1		37 42 36 1		37 42 38 1		
38 39 33 1		38 39 37 1		38 39 43 1		
38 43 33 1		38 43 37 1		38 43 39 1		
39 44 34 1		39 44 38 1		
40 41 35 1		40 41 45 1		
40 45 35 1		40 45 41 1		
41 42 36 1		41 42 40 1		41 42 46 1		
41 46 36 1		41 46 40 1		41 46 42 1		
42 43 37 1		42 43 41 1		42 43 47 1		
42 47 37 1		42 47 41 1		42 47 43 1		
43 44 38 1		43 44 42 1		43 44 48 1		
43 48 38 1		43 48 42 1		43 48 44 1		
44 49 39 1		44 49 43 1		
45 46 40 1		
46 47 41 1		46 47 45 1		
47 48 42 1		47 48 46 1		
48 49 43 1		48 49 47 1		
1 0 2 1		1 0 6 1		
5 0 6 1		5 0 10 1		
2 1 3 1		2 1 7 1		
6 1 5 1		6 1 7 1		6 1 11 1		
3 2 4 1		3 2 8 1		
7 2 6 1		7 2 8 1		7 2 12 1		
4 3 9 1		
8 3 7 1		8 3 9 1		8 3 13 1		
9 4 8 1		9 4 14 1		
6 5 1 1		6 5 7 1		6 5 11 1		
10 5 11 1		10 5 15 1		
7 6 2 1		7 6 8 1		7 6 12 1		
11 6 10 1		11 6 12 1		11 6 16 1		
8 7 3 1		8 7 9 1		8 7 13 1		
12 7 11 1		12 7 13 1		12 7 17 1		
9 8 4 1		9 8 14 1		
13 8 12 1		13 8 14 1		13 8 18 1		
14 9 13 1		14 9 19 1		
11 10 6 1		11 10 12 1		11 10 16 1		
15 10 16 1		15 10 20 1		
12 11 7 1		12 11 13 1		12 11 17 1		
16 11 15 1		16 11 17 1		16 11 21 1		
13 12 8 1		13 12 14 1		13 12 18 1		
17 12 16 1		17 12 18 1		17 12 22 1		
14 13 9 1		14 13 19 1		
18 13 17 1		18 13 19 1		18 13 23 1		
19 14 18 1		19 14 24 1		
16 15 11 1		16 15 17 1		16 15 21 1		
20 15 21 1		
17 16 12 1		17 16 18 1		17 16 22 1		
21 16 20 1		21 16 22 1		
18 17 13 1		18 17 19 1		18 17 23 1		
22 17 21 1		22 17 23 1		
19 18 14 1		19 18 24 1		
23 18 22 1		23 18 24 1		
24 19 23 1		24 19 29 1		
21 20 16 1		21 20 22 1		
22 21 17 1		22 21 23 1		
23 22 18 1		23 22 24 1		
24 23 19 1		24 23 29 1		
26 25 27 1		26 25 31 1		
30 25 31 1		30 25 35 1		
27 26 28 1		27 26 32 1		
31 26 30 1		31 26 32 1		31 26 36 1		
28 27 29 1		28 27 33 1		
32 27 31 1		32 27 33 1		32 27 37 1		
29 28 34 1		
33 28 32 1		33 28 34 1		33 28 38 1		
34 29 33 1		34 29 39 1		
31 30 26 1		31 30 32 1		31 30 36 1		
35 30 36 1		35 30 40 1		
32 31 27 1		32 31 33 1		32 31 37 1		
36 31 35 1		36 31 37 1		36 31 41 1		
33 32 28 1		33 32 34 1		33 32 38 1		
37 32 36 1		37 32 38 1		37 32 42 1		
34 33 29 1		34 33 39 1		
38 33 37 1		38 33 39 1		38 33 43 1		
39 34 38 1		39 34 44 1		
36 35 31 1		36 35 37 1		36 35 41 1		
40 35 41 1		40 35 45 1		
37 36 32 1		37 36 38 1		37 36 42 1		
41 36 40 1		41 36 42 1		41 36 46 1		
38 37 33 1		38 37 39 1		38 37 43 1		
42 37 41 1		42 37 43 1		42 37 47 1		
39 38 34 1		39 38 44 1		
43 38 42 1		43 38 44 1		43 38 48 1		
44 39 43 1		44 39 49 1		
41 40 36 1		41 40 42 1		41 40 46 1		
45 40 46 1		
42 41 37 1		42 41 43 1		42 41 47 1		
46 41 45 1		46 41 47 1		
43 42 38 1		43 42 44 1		43 42 48 1		
47 42 46 1		47 42 48 1		
44 43 39 1		44 43 49 1		
48 43 47 1		48 43 49 1		
49 44 48 1		
46 45 41 1		46 45 47 1		
47 46 42 1		47 46 48 1		
48 47 43 1		48 47 49 1		
49 48 44 1		
20 25 15 1		20 25 21 1		
29 24 28 1		29 24 34 1		
;
param D:=2 ;
param t_hat_ear: 0 1 2 3 4 5 6 7 8 9 10 11 12 13 14 15 16 17 18 19 20 21 22 23 24 25 26 27 28 29 30 31 32 33 34 35 36 37 38 39 40 41 42 43 44 45 46 47 48 49 :=
0 0 0 0 0 0 0 0 0 0 0 0 0 0 0 0 0 0 0 0 0 0 0 0 0 0 0 0 0 0 0 0 0 0 0 0 0 0 0 0 0 0 0 0 0 0 0 0 0 0 0
1 0 0 0 0 0 0 0 0 0 0 0 0 0 0 0 0 0 0 0 0 0 0 0 0 0 0 0 0 0 0 0 0 0 0 0 0 0 0 0 0 0 0 0 0 0 0 0 0 0 0
2 0 0 0 0 0 0 0 0 0 0 0 0 0 0 0 0 0 0 0 0 0 0 0 0 0 0 0 0 0 0 0 0 0 0 0 0 0 0 0 0 0 0 0 0 0 0 0 0 0 0
3 0 0 0 0 0 0 0 0 0 0 0 0 0 0 0 0 0 0 0 0 0 0 0 0 0 0 0 0 0 0 0 0 0 0 0 0 0 0 0 0 0 0 0 0 0 0 0 0 0 0
4 0 0 0 0 0 0 0 0 0 0 0 0 0 0 0 0 0 0 0 0 0 0 0 0 0 0 0 0 0 0 0 0 0 0 0 0 0 0 0 0 0 0 0 0 0 0 0 0 0 0
5 0 0 0 0 0 0 0 0 0 0 0 0 0 0 0 0 0 0 0 0 0 0 0 0 0 0 0 0 0 0 0 0 0 0 0 0 0 0 0 0 0 0 0 0 0 0 0 0 0 0
6 0 0 0 0 0 0 0 0 0 0 0 0 0 0 0 0 0 0 0 0 0 0 0 0 0 0 0 0 0 0 0 0 0 0 0 0 0 0 0 0 0 0 0 0 0 0 0 0 0 0
7 0 0 0 0 0 0 0 0 0 0 0 0 0 0 0 0 0 0 0 0 0 0 0 0 0 0 0 0 0 0 0 0 0 0 0 0 0 0 0 0 0 0 0 0 0 0 0 0 0 0
8 0 0 0 0 0 0 0 0 0 0 0 0 0 0 0 0 0 0 0 0 0 0 0 0 0 0 0 0 0 0 0 0 0 0 0 0 0 0 0 0 0 0 0 0 0 0 0 0 0 0
9 0 0 0 0 0 0 0 0 0 0 0 0 0 0 0 0 0 0 0 0 0 0 0 0 0 0 0 0 0 0 0 0 0 0 0 0 0 0 0 0 0 0 0 0 0 0 0 0 0 0
10 0 0 0 0 0 0 0 0 0 0 0 0 0 0 0 0 0 0 0 0 0 0 0 0 0 0 0 0 0 0 0 0 0 0 0 0 0 0 0 0 0 0 0 0 0 0 0 0 0 0
11 0 0 0 0 0 0 0 0 0 0 0 0 0 0 0 0 0 0 0 0 0 0 0 0 0 0 0 0 0 0 0 0 0 0 0 0 0 0 0 0 0 0 0 0 0 0 0 0 0 0
12 0 0 0 0 0 0 0 0 0 0 0 0 0 0 0 0 0 0 0 0 0 0 0 0 0 0 0 0 0 0 0 0 0 0 0 0 0 0 0 0 0 0 0 0 0 0 0 0 0 0
13 0 0 0 0 0 0 0 0 0 0 0 0 0 0 0 0 0 0 0 0 0 0 0 0 0 0 0 0 0 0 0 0 0 0 0 0 0 0 0 0 0 0 0 0 0 0 0 0 0 0
14 0 0 0 0 0 0 0 0 0 0 0 0 0 0 0 0 0 0 0 0 0 0 0 0 0 0 0 0 0 0 0 0 0 0 0 0 0 0 0 0 0 0 0 0 0 0 0 0 0 0 ;
param t_hat_lat: 0 1 2 3 4 5 6 7 8 9 10 11 12 13 14 15 16 17 18 19 20 21 22 23 24 25 26 27 28 29 30 31 32 33 34 35 36 37 38 39 40 41 42 43 44 45 46 47 48 49 :=
0 2 2 2 2 2 2 2 2 2 2 2 2 2 2 2 2 2 2 2 2 2 2 2 2 2 2 2 2 2 2 2 2 2 2 2 2 2 2 2 2 2 2 2 2 2 2 2 2 2 2
1 2 2 2 2 2 2 2 2 2 2 2 2 2 2 2 2 2 2 2 2 2 2 2 2 2 2 2 2 2 2 2 2 2 2 2 2 2 2 2 2 2 2 2 2 2 2 2 2 2 2
2 2 2 2 2 2 2 2 2 2 2 2 2 2 2 2 2 2 2 2 2 2 2 2 2 2 2 2 2 2 2 2 2 2 2 2 2 2 2 2 2 2 2 2 2 2 2 2 2 2 2
3 2 2 2 2 2 2 2 2 2 2 2 2 2 2 2 2 2 2 2 2 2 2 2 2 2 2 2 2 2 2 2 2 2 2 2 2 2 2 2 2 2 2 2 2 2 2 2 2 2 2
4 2 2 2 2 2 2 2 2 2 2 2 2 2 2 2 2 2 2 2 2 2 2 2 2 2 2 2 2 2 2 2 2 2 2 2 2 2 2 2 2 2 2 2 2 2 2 2 2 2 2
5 2 2 2 2 2 2 2 2 2 2 2 2 2 2 2 2 2 2 2 2 2 2 2 2 2 2 2 2 2 2 2 2 2 2 2 2 2 2 2 2 2 2 2 2 2 2 2 2 2 2
6 2 2 2 2 2 2 2 2 2 2 2 2 2 2 2 2 2 2 2 2 2 2 2 2 2 2 2 2 2 2 2 2 2 2 2 2 2 2 2 2 2 2 2 2 2 2 2 2 2 2
7 2 2 2 2 2 2 2 2 2 2 2 2 2 2 2 2 2 2 2 2 2 2 2 2 2 2 2 2 2 2 2 2 2 2 2 2 2 2 2 2 2 2 2 2 2 2 2 2 2 2
8 2 2 2 2 2 2 2 2 2 2 2 2 2 2 2 2 2 2 2 2 2 2 2 2 2 2 2 2 2 2 2 2 2 2 2 2 2 2 2 2 2 2 2 2 2 2 2 2 2 2
9 2 2 2 2 2 2 2 2 2 2 2 2 2 2 2 2 2 2 2 2 2 2 2 2 2 2 2 2 2 2 2 2 2 2 2 2 2 2 2 2 2 2 2 2 2 2 2 2 2 2
10 2 2 2 2 2 2 2 2 2 2 2 2 2 2 2 2 2 2 2 2 2 2 2 2 2 2 2 2 2 2 2 2 2 2 2 2 2 2 2 2 2 2 2 2 2 2 2 2 2 2
11 2 2 2 2 2 2 2 2 2 2 2 2 2 2 2 2 2 2 2 2 2 2 2 2 2 2 2 2 2 2 2 2 2 2 2 2 2 2 2 2 2 2 2 2 2 2 2 2 2 2
12 2 2 2 2 2 2 2 2 2 2 2 2 2 2 2 2 2 2 2 2 2 2 2 2 2 2 2 2 2 2 2 2 2 2 2 2 2 2 2 2 2 2 2 2 2 2 2 2 2 2
13 2 2 2 2 2 2 2 2 2 2 2 2 2 2 2 2 2 2 2 2 2 2 2 2 2 2 2 2 2 2 2 2 2 2 2 2 2 2 2 2 2 2 2 2 2 2 2 2 2 2
14 2 2 2 2 2 2 2 2 2 2 2 2 2 2 2 2 2 2 2 2 2 2 2 2 2 2 2 2 2 2 2 2 2 2 2 2 2 2 2 2 2 2 2 2 2 2 2 2 2 2 ;
