param nn:= 140;
set F:=
0
1
2
3
4
5
6
8
9
10
11
12
13
14
15
16
17
18
19
20
25
29
30
34
35
39
40
42
43
45
46
66
67
68
69
70
82
84
85
94
;
param: E: d:=
1 19 2.500000
21 0 2.500000
19 21 2.500000
21 4 2.500000
5 2 2.500000
6 9 2.500000
7 8 2.500000
29 10 2.500000
11 29 2.500000
30 11 2.500000
8 12 2.500000
12 28 2.500000
15 5 2.500000
24 15 2.500000
4 16 2.500000
16 23 2.500000
19 17 2.500000
17 20 2.500000
22 18 2.500000
18 21 2.500000
14 26 2.500000
3 13 2.500000
131 6 1.500000
83 132 1.500000
133 84 1.500000
13 27 2.500000
27 33 2.500000
33 86 2.500000
86 88 2.500000
88 90 2.500000
90 92 2.500000
92 94 2.500000
94 96 2.500000
96 97 2.500000
97 101 2.500000
101 103 2.500000
103 105 2.500000
105 107 2.500000
107 109 2.500000
109 111 2.500000
111 113 2.500000
113 114 2.500000
114 115 2.500000
118 117 2.500000
117 116 2.500000
116 112 2.500000
112 110 2.500000
110 108 2.500000
108 106 2.500000
106 104 2.500000
104 102 2.500000
102 100 2.500000
100 95 2.500000
95 93 2.500000
93 91 2.500000
91 89 2.500000
89 87 2.500000
87 85 2.500000
85 34 2.500000
34 25 2.500000
25 14 2.500000
23 36 2.500000
36 49 2.500000
49 51 2.500000
51 53 2.500000
53 56 2.500000
56 57 2.500000
57 59 2.500000
59 62 2.500000
62 64 2.500000
63 61 2.500000
61 60 2.500000
60 58 2.500000
58 55 2.500000
55 54 2.500000
54 52 2.500000
52 50 2.500000
50 35 2.500000
35 24 2.500000
20 38 2.500000
38 39 2.500000
39 40 2.500000
40 41 2.500000
41 46 2.500000
46 48 2.500000
48 99 2.500000
98 47 2.500000
47 45 2.500000
45 44 2.500000
44 43 2.500000
43 42 2.500000
42 37 2.500000
37 22 2.500000
9 119 2.500000
119 1 2.500000
119 120 2.500000
120 130 1.500000
9 121 2.500000
121 3 2.500000
121 7 2.500000
10 122 2.500000
122 9 2.500000
28 32 2.500000
32 65 2.500000
65 67 2.500000
67 69 2.500000
69 71 2.500000
71 73 2.500000
73 75 2.500000
75 77 2.500000
77 79 2.500000
79 81 2.500000
81 83 2.500000
84 82 2.500000
82 80 2.500000
80 78 2.500000
78 76 2.500000
76 74 2.500000
74 72 2.500000
72 70 2.500000
70 68 2.500000
68 66 2.500000
66 31 2.500000
31 30 2.500000
123 121 2.500000
123 119 2.500000
0 123 2.500000
2 123 2.500000
26 123 2.500000
115 134 1.500000
135 118 1.500000
137 126 1.500000
126 124 2.500000
124 63 2.500000
64 125 2.500000
125 127 2.500000
127 136 1.500000
139 128 1.500000
128 98 2.500000
99 129 2.500000
129 138 1.500000
;
param s:=
0 131
1 137
2 133
3 135
4 135
5 135
6 135
8 139
9 135
10 131
11 133
12 133
13 133
14 135
15 137
16 135
17 131
18 131
19 135
20 131
25 135
29 135
30 135
34 139
35 133
39 139
40 137
42 137
43 135
45 135
46 139
66 131
67 135
68 133
69 131
70 135
82 131
84 131
85 131
94 131
;
param e:=
0 132
1 130
2 130
3 130
4 130
5 130
6 130
8 130
9 130
10 134
11 130
12 130
13 130
14 130
15 130
16 130
17 132
18 132
19 130
20 134
25 130
29 130
30 130
34 130
35 130
39 130
40 130
42 130
43 130
45 130
46 130
66 134
67 130
68 130
69 134
70 130
82 134
84 134
85 134
94 134
;
param v_min:=2.375
;
param v_max:=2.625 
;
param :conflictsNodes: angle:=
0 21 123 1.000000
0 123 21 1.000000
1 19 119 1.000000
1 119 19 1.000000
2 5 123 1.000000
2 123 5 1.000000
3 13 121 1.000000
3 121 13 1.000000
4 16 21 1.000000
4 21 16 1.000000
5 2 15 1.000000
5 15 2 1.000000
7 8 121 1.000000
7 121 8 1.000000
8 7 12 1.000000
8 12 7 1.000000
9 6 119 1.000000
9 119 6 1.000000
9 6 121 1.000000
9 121 6 1.000000
9 6 122 1.000000
9 122 6 1.000000
9 119 121 1.000000
9 121 119 1.000000
9 119 122 1.000000
9 122 119 1.000000
9 121 122 1.000000
9 122 121 1.000000
10 29 122 1.000000
10 122 29 1.000000
11 29 30 1.000000
11 30 29 1.000000
12 8 28 1.000000
12 28 8 1.000000
13 3 27 1.000000
13 27 3 1.000000
14 25 26 1.000000
14 26 25 1.000000
15 5 24 1.000000
15 24 5 1.000000
16 4 23 1.000000
16 23 4 1.000000
17 19 20 1.000000
17 20 19 1.000000
18 21 22 1.000000
18 22 21 1.000000
19 1 21 1.000000
19 21 1 1.000000
19 1 17 1.000000
19 17 1 1.000000
19 17 21 1.000000
19 21 17 1.000000
20 17 38 1.000000
20 38 17 1.000000
21 0 19 1.000000
21 19 0 1.000000
21 0 4 1.000000
21 4 0 1.000000
21 0 18 1.000000
21 18 0 1.000000
21 4 19 1.000000
21 19 4 1.000000
21 4 18 1.478880
21 18 4 1.478880
21 18 19 1.000000
21 19 18 1.000000
22 18 37 1.000000
22 37 18 1.000000
23 16 36 1.000000
23 36 16 1.000000
24 15 35 1.000000
24 35 15 1.000000
25 14 34 1.000000
25 34 14 1.000000
26 14 123 1.000000
26 123 14 1.000000
27 13 33 1.000000
27 33 13 1.000000
28 12 32 1.000000
28 32 12 1.000000
29 10 11 1.000000
29 11 10 1.000000
30 11 31 1.000000
30 31 11 1.000000
31 30 66 1.000000
31 66 30 1.000000
32 28 65 1.000000
32 65 28 1.000000
33 27 86 1.000000
33 86 27 1.000000
34 25 85 1.000000
34 85 25 1.000000
35 24 50 1.000000
35 50 24 1.000000
36 23 49 1.000000
36 49 23 1.000000
37 22 42 1.000000
37 42 22 1.000000
38 20 39 1.000000
38 39 20 1.000000
39 38 40 1.000000
39 40 38 1.000000
40 39 41 1.000000
40 41 39 1.000000
41 40 46 1.000000
41 46 40 1.000000
42 37 43 1.000000
42 43 37 1.000000
43 42 44 1.000000
43 44 42 1.000000
44 43 45 1.000000
44 45 43 1.000000
45 44 47 1.000000
45 47 44 1.000000
46 41 48 1.000000
46 48 41 1.000000
47 45 98 1.000000
47 98 45 1.000000
48 46 99 1.000000
48 99 46 1.000000
49 36 51 1.000000
49 51 36 1.000000
50 35 52 1.000000
50 52 35 1.000000
51 49 53 1.000000
51 53 49 1.000000
52 50 54 1.000000
52 54 50 1.000000
53 51 56 1.000000
53 56 51 1.000000
54 52 55 1.000000
54 55 52 1.000000
55 54 58 1.000000
55 58 54 1.000000
56 53 57 1.000000
56 57 53 1.000000
57 56 59 1.000000
57 59 56 1.000000
58 55 60 1.000000
58 60 55 1.000000
59 57 62 1.000000
59 62 57 1.000000
60 58 61 1.000000
60 61 58 1.000000
61 60 63 1.000000
61 63 60 1.000000
62 59 64 1.000000
62 64 59 1.000000
63 61 124 1.000000
63 124 61 1.000000
64 62 125 1.000000
64 125 62 1.000000
65 32 67 1.000000
65 67 32 1.000000
66 31 68 1.000000
66 68 31 1.000000
67 65 69 1.000000
67 69 65 1.000000
68 66 70 1.000000
68 70 66 1.000000
69 67 71 1.000000
69 71 67 1.000000
70 68 72 1.000000
70 72 68 1.000000
71 69 73 1.000000
71 73 69 1.000000
72 70 74 1.000000
72 74 70 1.000000
73 71 75 1.000000
73 75 71 1.000000
74 72 76 1.000000
74 76 72 1.000000
75 73 77 1.000000
75 77 73 1.000000
76 74 78 1.000000
76 78 74 1.000000
77 75 79 1.000000
77 79 75 1.000000
78 76 80 1.000000
78 80 76 1.000000
79 77 81 1.000000
79 81 77 1.000000
80 78 82 1.000000
80 82 78 1.000000
81 79 83 1.000000
81 83 79 1.000000
82 80 84 1.000000
82 84 80 1.000000
85 34 87 1.000000
85 87 34 1.000000
86 33 88 1.000000
86 88 33 1.000000
87 85 89 1.000000
87 89 85 1.000000
88 86 90 1.000000
88 90 86 1.000000
89 87 91 1.000000
89 91 87 1.000000
90 88 92 1.000000
90 92 88 1.000000
91 89 93 1.000000
91 93 89 1.000000
92 90 94 1.000000
92 94 90 1.000000
93 91 95 1.000000
93 95 91 1.000000
94 92 96 1.000000
94 96 92 1.000000
95 93 100 1.000000
95 100 93 1.000000
96 94 97 1.000000
96 97 94 1.000000
97 96 101 1.000000
97 101 96 1.000000
98 47 128 1.000000
98 128 47 1.000000
99 48 129 1.000000
99 129 48 1.000000
100 95 102 1.000000
100 102 95 1.000000
101 97 103 1.000000
101 103 97 1.000000
102 100 104 1.000000
102 104 100 1.000000
103 101 105 1.000000
103 105 101 1.000000
104 102 106 1.000000
104 106 102 1.000000
105 103 107 1.000000
105 107 103 1.000000
106 104 108 1.000000
106 108 104 1.000000
107 105 109 1.000000
107 109 105 1.000000
108 106 110 1.000000
108 110 106 1.000000
109 107 111 1.000000
109 111 107 1.000000
110 108 112 1.000000
110 112 108 1.000000
111 109 113 1.000000
111 113 109 1.000000
112 110 116 1.000000
112 116 110 1.000000
113 111 114 1.000000
113 114 111 1.000000
114 113 115 1.000000
114 115 113 1.000000
116 112 117 1.000000
116 117 112 1.000000
117 116 118 1.000000
117 118 116 1.000000
119 9 120 1.000000
119 120 9 1.000000
119 9 123 1.000000
119 123 9 1.000000
119 1 9 1.000000
119 9 1 1.000000
119 1 120 1.000000
119 120 1 1.000000
119 1 123 1.000000
119 123 1 1.000000
119 120 123 1.000000
119 123 120 1.000000
121 9 123 1.000000
121 123 9 1.000000
121 3 9 1.000000
121 9 3 1.000000
121 3 7 1.416150
121 7 3 1.416150
121 3 123 1.000000
121 123 3 1.000000
121 7 9 1.000000
121 9 7 1.000000
121 7 123 1.000000
121 123 7 1.000000
122 9 10 1.000000
122 10 9 1.000000
123 0 2 1.478880
123 2 0 1.478880
123 0 26 1.000000
123 26 0 1.000000
123 0 121 1.000000
123 121 0 1.000000
123 0 119 1.000000
123 119 0 1.000000
123 2 26 1.357350
123 26 2 1.357350
123 2 121 1.000000
123 121 2 1.000000
123 2 119 1.000000
123 119 2 1.000000
123 26 121 1.000000
123 121 26 1.000000
123 26 119 1.000000
123 119 26 1.000000
123 119 121 1.000000
123 121 119 1.000000
124 63 126 1.000000
124 126 63 1.000000
125 64 127 1.000000
125 127 64 1.000000
;
param D:=0.5;
param t_hat_ear:=
0 131 0.0
0 6 1.0
0 9 2.0
0 121 3.0
0 7 4.0
0 8 5.0
0 12 6.0
0 28 7.0
0 32 8.0
0 65 9.0
0 67 10.0
0 69 11.0
0 71 12.0
0 73 13.0
0 75 14.0
0 77 15.0
0 79 16.0
0 81 17.0
0 83 18.0
0 132 19.0
1 137 0.0
1 126 1.0
1 124 2.0
1 63 3.0
1 61 4.0
1 60 5.0
1 58 6.0
1 55 7.0
1 54 8.0
1 52 9.0
1 50 10.0
1 35 11.0
1 24 12.0
1 15 13.0
1 5 14.0
1 2 15.0
1 123 16.0
1 119 17.0
1 120 18.0
1 130 19.0
2 133 19.0
2 84 20.0
2 82 21.0
2 80 22.0
2 78 23.0
2 76 24.0
2 74 25.0
2 72 26.0
2 70 27.0
2 68 28.0
2 66 29.0
2 31 30.0
2 30 31.0
2 11 32.0
2 29 33.0
2 10 34.0
2 122 35.0
2 9 36.0
2 119 37.0
2 120 38.0
2 130 39.0
3 135 11.0
3 118 12.0
3 117 13.0
3 116 14.0
3 112 15.0
3 110 16.0
3 108 17.0
3 106 18.0
3 104 19.0
3 102 20.0
3 100 21.0
3 95 22.0
3 93 23.0
3 91 24.0
3 89 25.0
3 87 26.0
3 85 27.0
3 34 28.0
3 25 29.0
3 14 30.0
3 26 31.0
3 123 32.0
3 119 33.0
3 120 34.0
3 130 35.0
4 135 5.0
4 118 6.0
4 117 7.0
4 116 8.0
4 112 9.0
4 110 10.0
4 108 11.0
4 106 12.0
4 104 13.0
4 102 14.0
4 100 15.0
4 95 16.0
4 93 17.0
4 91 18.0
4 89 19.0
4 87 20.0
4 85 21.0
4 34 22.0
4 25 23.0
4 14 24.0
4 26 25.0
4 123 26.0
4 119 27.0
4 120 28.0
4 130 29.0
5 135 2.1
5 118 2.0
5 117 3.0
5 116 4.0
5 112 5.0
5 110 6.0
5 108 7.0
5 106 8.0
5 104 9.0
5 102 10.0
5 100 11.0
5 95 12.0
5 93 13.0
5 91 14.0
5 89 15.0
5 87 16.0
5 85 17.0
5 34 18.0
5 25 19.0
5 14 20.0
5 26 21.0
5 123 22.0
5 119 23.0
5 120 24.0
5 130 25.0
6 135 7.0
6 118 8.0
6 117 9.0
6 116 10.0
6 112 11.0
6 110 12.0
6 108 13.0
6 106 14.0
6 104 15.0
6 102 16.0
6 100 17.0
6 95 18.0
6 93 19.0
6 91 20.0
6 89 21.0
6 87 22.0
6 85 23.0
6 34 24.0
6 25 25.0
6 14 26.0
6 26 27.0
6 123 28.0
6 119 29.0
6 120 30.0
6 130 31.0
8 139 2.1
8 128 2.0
8 98 3.0
8 47 4.0
8 45 5.0
8 44 6.0
8 43 7.0
8 42 8.0
8 37 9.0
8 22 10.0
8 18 11.0
8 21 12.0
8 0 13.0
8 123 14.0
8 119 15.0
8 120 16.0
8 130 17.0
9 135 17.0
9 118 18.0
9 117 19.0
9 116 20.0
9 112 21.0
9 110 22.0
9 108 23.0
9 106 24.0
9 104 25.0
9 102 26.0
9 100 27.0
9 95 28.0
9 93 29.0
9 91 30.0
9 89 31.0
9 87 32.0
9 85 33.0
9 34 34.0
9 25 35.0
9 14 36.0
9 26 37.0
9 123 38.0
9 119 39.0
9 120 40.0
9 130 41.0
10 131 4.0
10 6 5.0
10 9 6.0
10 121 7.0
10 3 8.0
10 13 9.0
10 27 10.0
10 33 11.0
10 86 12.0
10 88 13.0
10 90 14.0
10 92 15.0
10 94 16.0
10 96 17.0
10 97 18.0
10 101 19.0
10 103 20.0
10 105 21.0
10 107 22.0
10 109 23.0
10 111 24.0
10 113 25.0
10 114 26.0
10 115 27.0
10 134 28.0
11 133 27.0
11 84 28.0
11 82 29.0
11 80 30.0
11 78 31.0
11 76 32.0
11 74 33.0
11 72 34.0
11 70 35.0
11 68 36.0
11 66 37.0
11 31 38.0
11 30 39.0
11 11 40.0
11 29 41.0
11 10 42.0
11 122 43.0
11 9 44.0
11 119 45.0
11 120 46.0
11 130 47.0
12 133 3.0
12 84 4.0
12 82 5.0
12 80 6.0
12 78 7.0
12 76 8.0
12 74 9.0
12 72 10.0
12 70 11.0
12 68 12.0
12 66 13.0
12 31 14.0
12 30 15.0
12 11 16.0
12 29 17.0
12 10 18.0
12 122 19.0
12 9 20.0
12 119 21.0
12 120 22.0
12 130 23.0
13 133 1.0
13 84 2.0
13 82 3.0
13 80 4.0
13 78 5.0
13 76 6.0
13 74 7.0
13 72 8.0
13 70 9.0
13 68 10.0
13 66 11.0
13 31 12.0
13 30 13.0
13 11 14.0
13 29 15.0
13 10 16.0
13 122 17.0
13 9 18.0
13 119 19.0
13 120 20.0
13 130 21.0
14 135 19.0
14 118 20.0
14 117 21.0
14 116 22.0
14 112 23.0
14 110 24.0
14 108 25.0
14 106 26.0
14 104 27.0
14 102 28.0
14 100 29.0
14 95 30.0
14 93 31.0
14 91 32.0
14 89 33.0
14 87 34.0
14 85 35.0
14 34 36.0
14 25 37.0
14 14 38.0
14 26 39.0
14 123 40.0
14 119 41.0
14 120 42.0
14 130 43.0
15 137 18.0
15 126 19.0
15 124 20.0
15 63 21.0
15 61 22.0
15 60 23.0
15 58 24.0
15 55 25.0
15 54 26.0
15 52 27.0
15 50 28.0
15 35 29.0
15 24 30.0
15 15 31.0
15 5 32.0
15 2 33.0
15 123 34.0
15 119 35.0
15 120 36.0
15 130 37.0
16 135 9.0
16 118 10.0
16 117 11.0
16 116 12.0
16 112 13.0
16 110 14.0
16 108 15.0
16 106 16.0
16 104 17.0
16 102 18.0
16 100 19.0
16 95 20.0
16 93 21.0
16 91 22.0
16 89 23.0
16 87 24.0
16 85 25.0
16 34 26.0
16 25 27.0
16 14 28.0
16 26 29.0
16 123 30.0
16 119 31.0
16 120 32.0
16 130 33.0
17 131 2.0
17 6 3.0
17 9 4.0
17 121 5.0
17 7 6.0
17 8 7.0
17 12 8.0
17 28 9.0
17 32 10.0
17 65 11.0
17 67 12.0
17 69 13.0
17 71 14.0
17 73 15.0
17 75 16.0
17 77 17.0
17 79 18.0
17 81 19.0
17 83 20.0
17 132 21.0
18 131 9.0
18 6 10.0
18 9 11.0
18 121 12.0
18 7 13.0
18 8 14.0
18 12 15.0
18 28 16.0
18 32 17.0
18 65 18.0
18 67 19.0
18 69 20.0
18 71 21.0
18 73 22.0
18 75 23.0
18 77 24.0
18 79 25.0
18 81 26.0
18 83 27.0
18 132 28.0
19 135 3.0
19 118 4.0
19 117 5.0
19 116 6.0
19 112 7.0
19 110 8.0
19 108 9.0
19 106 10.0
19 104 11.0
19 102 12.0
19 100 13.0
19 95 14.0
19 93 15.0
19 91 16.0
19 89 17.0
19 87 18.0
19 85 19.0
19 34 20.0
19 25 21.0
19 14 22.0
19 26 23.0
19 123 24.0
19 119 25.0
19 120 26.0
19 130 27.0
20 131 11.0
20 6 12.0
20 9 13.0
20 121 14.0
20 3 15.0
20 13 16.0
20 27 17.0
20 33 18.0
20 86 19.0
20 88 20.0
20 90 21.0
20 92 22.0
20 94 23.0
20 96 24.0
20 97 25.0
20 101 26.0
20 103 27.0
20 105 28.0
20 107 29.0
20 109 30.0
20 111 31.0
20 113 32.0
20 114 33.0
20 115 34.0
20 134 35.0
25 135 29.0
25 118 30.0
25 117 31.0
25 116 32.0
25 112 33.0
25 110 34.0
25 108 35.0
25 106 36.0
25 104 37.0
25 102 38.0
25 100 39.0
25 95 40.0
25 93 41.0
25 91 42.0
25 89 43.0
25 87 44.0
25 85 45.0
25 34 46.0
25 25 47.0
25 14 48.0
25 26 49.0
25 123 50.0
25 119 51.0
25 120 52.0
25 130 53.0
29 135 25.0
29 118 26.0
29 117 27.0
29 116 28.0
29 112 29.0
29 110 30.0
29 108 31.0
29 106 32.0
29 104 33.0
29 102 34.0
29 100 35.0
29 95 36.0
29 93 37.0
29 91 38.0
29 89 39.0
29 87 40.0
29 85 41.0
29 34 42.0
29 25 43.0
29 14 44.0
29 26 45.0
29 123 46.0
29 119 47.0
29 120 48.0
29 130 49.0
30 135 27.0
30 118 28.0
30 117 29.0
30 116 30.0
30 112 31.0
30 110 32.0
30 108 33.0
30 106 34.0
30 104 35.0
30 102 36.0
30 100 37.0
30 95 38.0
30 93 39.0
30 91 40.0
30 89 41.0
30 87 42.0
30 85 43.0
30 34 44.0
30 25 45.0
30 14 46.0
30 26 47.0
30 123 48.0
30 119 49.0
30 120 50.0
30 130 51.0
34 139 49.0
34 128 50.0
34 98 51.0
34 47 52.0
34 45 53.0
34 44 54.0
34 43 55.0
34 42 56.0
34 37 57.0
34 22 58.0
34 18 59.0
34 21 60.0
34 0 61.0
34 123 62.0
34 119 63.0
34 120 64.0
34 130 65.0
35 133 39.0
35 84 40.0
35 82 41.0
35 80 42.0
35 78 43.0
35 76 44.0
35 74 45.0
35 72 46.0
35 70 47.0
35 68 48.0
35 66 49.0
35 31 50.0
35 30 51.0
35 11 52.0
35 29 53.0
35 10 54.0
35 122 55.0
35 9 56.0
35 119 57.0
35 120 58.0
35 130 59.0
39 139 29.0
39 128 30.0
39 98 31.0
39 47 32.0
39 45 33.0
39 44 34.0
39 43 35.0
39 42 36.0
39 37 37.0
39 22 38.0
39 18 39.0
39 21 40.0
39 0 41.0
39 123 42.0
39 119 43.0
39 120 44.0
39 130 45.0
40 137 38.0
40 126 39.0
40 124 40.0
40 63 41.0
40 61 42.0
40 60 43.0
40 58 44.0
40 55 45.0
40 54 46.0
40 52 47.0
40 50 48.0
40 35 49.0
40 24 50.0
40 15 51.0
40 5 52.0
40 2 53.0
40 123 54.0
40 119 55.0
40 120 56.0
40 130 57.0
42 137 48.0
42 126 49.0
42 124 50.0
42 63 51.0
42 61 52.0
42 60 53.0
42 58 54.0
42 55 55.0
42 54 56.0
42 52 57.0
42 50 58.0
42 35 59.0
42 24 60.0
42 15 61.0
42 5 62.0
42 2 63.0
42 123 64.0
42 119 65.0
42 120 66.0
42 130 67.0
43 135 39.0
43 118 40.0
43 117 41.0
43 116 42.0
43 112 43.0
43 110 44.0
43 108 45.0
43 106 46.0
43 104 47.0
43 102 48.0
43 100 49.0
43 95 50.0
43 93 51.0
43 91 52.0
43 89 53.0
43 87 54.0
43 85 55.0
43 34 56.0
43 25 57.0
43 14 58.0
43 26 59.0
43 123 60.0
43 119 61.0
43 120 62.0
43 130 63.0
45 135 37.0
45 118 38.0
45 117 39.0
45 116 40.0
45 112 41.0
45 110 42.0
45 108 43.0
45 106 44.0
45 104 45.0
45 102 46.0
45 100 47.0
45 95 48.0
45 93 49.0
45 91 50.0
45 89 51.0
45 87 52.0
45 85 53.0
45 34 54.0
45 25 55.0
45 14 56.0
45 26 57.0
45 123 58.0
45 119 59.0
45 120 60.0
45 130 61.0
46 139 39.0
46 128 40.0
46 98 41.0
46 47 42.0
46 45 43.0
46 44 44.0
46 43 45.0
46 42 46.0
46 37 47.0
46 22 48.0
46 18 49.0
46 21 50.0
46 0 51.0
46 123 52.0
46 119 53.0
46 120 54.0
46 130 55.0
66 131 36.0
66 6 37.0
66 9 38.0
66 121 39.0
66 3 40.0
66 13 41.0
66 27 42.0
66 33 43.0
66 86 44.0
66 88 45.0
66 90 46.0
66 92 47.0
66 94 48.0
66 96 49.0
66 97 50.0
66 101 51.0
66 103 52.0
66 105 53.0
66 107 54.0
66 109 55.0
66 111 56.0
66 113 57.0
66 114 58.0
66 115 59.0
66 134 60.0
67 135 47.0
67 118 48.0
67 117 49.0
67 116 50.0
67 112 51.0
67 110 52.0
67 108 53.0
67 106 54.0
67 104 55.0
67 102 56.0
67 100 57.0
67 95 58.0
67 93 59.0
67 91 60.0
67 89 61.0
67 87 62.0
67 85 63.0
67 34 64.0
67 25 65.0
67 14 66.0
67 26 67.0
67 123 68.0
67 119 69.0
67 120 70.0
67 130 71.0
68 133 49.0
68 84 50.0
68 82 51.0
68 80 52.0
68 78 53.0
68 76 54.0
68 74 55.0
68 72 56.0
68 70 57.0
68 68 58.0
68 66 59.0
68 31 60.0
68 30 61.0
68 11 62.0
68 29 63.0
68 10 64.0
68 122 65.0
68 9 66.0
68 119 67.0
68 120 68.0
68 130 69.0
69 131 32.0
69 6 33.0
69 9 34.0
69 121 35.0
69 3 36.0
69 13 37.0
69 27 38.0
69 33 39.0
69 86 40.0
69 88 41.0
69 90 42.0
69 92 43.0
69 94 44.0
69 96 45.0
69 97 46.0
69 101 47.0
69 103 48.0
69 105 49.0
69 107 50.0
69 109 51.0
69 111 52.0
69 113 53.0
69 114 54.0
69 115 55.0
69 134 56.0
70 135 49.0
70 118 50.0
70 117 51.0
70 116 52.0
70 112 53.0
70 110 54.0
70 108 55.0
70 106 56.0
70 104 57.0
70 102 58.0
70 100 59.0
70 95 60.0
70 93 61.0
70 91 62.0
70 89 63.0
70 87 64.0
70 85 65.0
70 34 66.0
70 25 67.0
70 14 68.0
70 26 69.0
70 123 70.0
70 119 71.0
70 120 72.0
70 130 73.0
82 131 40.0
82 6 41.0
82 9 42.0
82 121 43.0
82 3 44.0
82 13 45.0
82 27 46.0
82 33 47.0
82 86 48.0
82 88 49.0
82 90 50.0
82 92 51.0
82 94 52.0
82 96 53.0
82 97 54.0
82 101 55.0
82 103 56.0
82 105 57.0
82 107 58.0
82 109 59.0
82 111 60.0
82 113 61.0
82 114 62.0
82 115 63.0
82 134 64.0
84 131 47.0
84 6 48.0
84 9 49.0
84 121 50.0
84 3 51.0
84 13 52.0
84 27 53.0
84 33 54.0
84 86 55.0
84 88 56.0
84 90 57.0
84 92 58.0
84 94 59.0
84 96 60.0
84 97 61.0
84 101 62.0
84 103 63.0
84 105 64.0
84 107 65.0
84 109 66.0
84 111 67.0
84 113 68.0
84 114 69.0
84 115 70.0
84 134 71.0
85 131 49.0
85 6 50.0
85 9 51.0
85 121 52.0
85 3 53.0
85 13 54.0
85 27 55.0
85 33 56.0
85 86 57.0
85 88 58.0
85 90 59.0
85 92 60.0
85 94 61.0
85 96 62.0
85 97 63.0
85 101 64.0
85 103 65.0
85 105 66.0
85 107 67.0
85 109 68.0
85 111 69.0
85 113 70.0
85 114 71.0
85 115 72.0
85 134 73.0
94 131 44.0
94 6 45.0
94 9 46.0
94 121 47.0
94 3 48.0
94 13 49.0
94 27 50.0
94 33 51.0
94 86 52.0
94 88 53.0
94 90 54.0
94 92 55.0
94 94 56.0
94 96 57.0
94 97 58.0
94 101 59.0
94 103 60.0
94 105 61.0
94 107 62.0
94 109 63.0
94 111 64.0
94 113 65.0
94 114 66.0
94 115 67.0
94 134 68.0
;
param t_hat_lat:=
0 131 1.0
0 6 2.0
0 9 3.0
0 121 4.0
0 7 5.0
0 8 6.0
0 12 7.0
0 28 8.0
0 32 9.0
0 65 10.0
0 67 11.0
0 69 12.0
0 71 13.0
0 73 14.0
0 75 15.0
0 77 16.0
0 79 17.0
0 81 18.0
0 83 19.0
0 132 20.0
1 137 1.0
1 126 2.0
1 124 3.0
1 63 4.0
1 61 5.0
1 60 6.0
1 58 7.0
1 55 8.0
1 54 9.0
1 52 10.0
1 50 11.0
1 35 12.0
1 24 13.0
1 15 14.0
1 5 15.0
1 2 16.0
1 123 17.0
1 119 18.0
1 120 19.0
1 130 20.0
2 133 20.0
2 84 21.0
2 82 22.0
2 80 23.0
2 78 24.0
2 76 25.0
2 74 26.0
2 72 27.0
2 70 28.0
2 68 29.0
2 66 30.0
2 31 31.0
2 30 32.0
2 11 33.0
2 29 34.0
2 10 35.0
2 122 36.0
2 9 37.0
2 119 38.0
2 120 39.0
2 130 40.0
3 135 12.0
3 118 13.0
3 117 14.0
3 116 15.0
3 112 16.0
3 110 17.0
3 108 18.0
3 106 19.0
3 104 20.0
3 102 21.0
3 100 22.0
3 95 23.0
3 93 24.0
3 91 25.0
3 89 26.0
3 87 27.0
3 85 28.0
3 34 29.0
3 25 30.0
3 14 31.0
3 26 32.0
3 123 33.0
3 119 34.0
3 120 35.0
3 130 36.0
4 135 6.0
4 118 7.0
4 117 8.0
4 116 9.0
4 112 10.0
4 110 11.0
4 108 12.0
4 106 13.0
4 104 14.0
4 102 15.0
4 100 16.0
4 95 17.0
4 93 18.0
4 91 19.0
4 89 20.0
4 87 21.0
4 85 22.0
4 34 23.0
4 25 24.0
4 14 25.0
4 26 26.0
4 123 27.0
4 119 28.0
4 120 29.0
4 130 30.0
5 135 3.0999999999999996
5 118 3.0
5 117 4.0
5 116 5.0
5 112 6.0
5 110 7.0
5 108 8.0
5 106 9.0
5 104 10.0
5 102 11.0
5 100 12.0
5 95 13.0
5 93 14.0
5 91 15.0
5 89 16.0
5 87 17.0
5 85 18.0
5 34 19.0
5 25 20.0
5 14 21.0
5 26 22.0
5 123 23.0
5 119 24.0
5 120 25.0
5 130 26.0
6 135 8.0
6 118 9.0
6 117 10.0
6 116 11.0
6 112 12.0
6 110 13.0
6 108 14.0
6 106 15.0
6 104 16.0
6 102 17.0
6 100 18.0
6 95 19.0
6 93 20.0
6 91 21.0
6 89 22.0
6 87 23.0
6 85 24.0
6 34 25.0
6 25 26.0
6 14 27.0
6 26 28.0
6 123 29.0
6 119 30.0
6 120 31.0
6 130 32.0
8 139 3.0999999999999996
8 128 3.0
8 98 4.0
8 47 5.0
8 45 6.0
8 44 7.0
8 43 8.0
8 42 9.0
8 37 10.0
8 22 11.0
8 18 12.0
8 21 13.0
8 0 14.0
8 123 15.0
8 119 16.0
8 120 17.0
8 130 18.0
9 135 18.0
9 118 19.0
9 117 20.0
9 116 21.0
9 112 22.0
9 110 23.0
9 108 24.0
9 106 25.0
9 104 26.0
9 102 27.0
9 100 28.0
9 95 29.0
9 93 30.0
9 91 31.0
9 89 32.0
9 87 33.0
9 85 34.0
9 34 35.0
9 25 36.0
9 14 37.0
9 26 38.0
9 123 39.0
9 119 40.0
9 120 41.0
9 130 42.0
10 131 5.0
10 6 6.0
10 9 7.0
10 121 8.0
10 3 9.0
10 13 10.0
10 27 11.0
10 33 12.0
10 86 13.0
10 88 14.0
10 90 15.0
10 92 16.0
10 94 17.0
10 96 18.0
10 97 19.0
10 101 20.0
10 103 21.0
10 105 22.0
10 107 23.0
10 109 24.0
10 111 25.0
10 113 26.0
10 114 27.0
10 115 28.0
10 134 29.0
11 133 28.0
11 84 29.0
11 82 30.0
11 80 31.0
11 78 32.0
11 76 33.0
11 74 34.0
11 72 35.0
11 70 36.0
11 68 37.0
11 66 38.0
11 31 39.0
11 30 40.0
11 11 41.0
11 29 42.0
11 10 43.0
11 122 44.0
11 9 45.0
11 119 46.0
11 120 47.0
11 130 48.0
12 133 4.0
12 84 5.0
12 82 6.0
12 80 7.0
12 78 8.0
12 76 9.0
12 74 10.0
12 72 11.0
12 70 12.0
12 68 13.0
12 66 14.0
12 31 15.0
12 30 16.0
12 11 17.0
12 29 18.0
12 10 19.0
12 122 20.0
12 9 21.0
12 119 22.0
12 120 23.0
12 130 24.0
13 133 2.0
13 84 3.0
13 82 4.0
13 80 5.0
13 78 6.0
13 76 7.0
13 74 8.0
13 72 9.0
13 70 10.0
13 68 11.0
13 66 12.0
13 31 13.0
13 30 14.0
13 11 15.0
13 29 16.0
13 10 17.0
13 122 18.0
13 9 19.0
13 119 20.0
13 120 21.0
13 130 22.0
14 135 20.0
14 118 21.0
14 117 22.0
14 116 23.0
14 112 24.0
14 110 25.0
14 108 26.0
14 106 27.0
14 104 28.0
14 102 29.0
14 100 30.0
14 95 31.0
14 93 32.0
14 91 33.0
14 89 34.0
14 87 35.0
14 85 36.0
14 34 37.0
14 25 38.0
14 14 39.0
14 26 40.0
14 123 41.0
14 119 42.0
14 120 43.0
14 130 44.0
15 137 19.0
15 126 20.0
15 124 21.0
15 63 22.0
15 61 23.0
15 60 24.0
15 58 25.0
15 55 26.0
15 54 27.0
15 52 28.0
15 50 29.0
15 35 30.0
15 24 31.0
15 15 32.0
15 5 33.0
15 2 34.0
15 123 35.0
15 119 36.0
15 120 37.0
15 130 38.0
16 135 10.0
16 118 11.0
16 117 12.0
16 116 13.0
16 112 14.0
16 110 15.0
16 108 16.0
16 106 17.0
16 104 18.0
16 102 19.0
16 100 20.0
16 95 21.0
16 93 22.0
16 91 23.0
16 89 24.0
16 87 25.0
16 85 26.0
16 34 27.0
16 25 28.0
16 14 29.0
16 26 30.0
16 123 31.0
16 119 32.0
16 120 33.0
16 130 34.0
17 131 3.0
17 6 4.0
17 9 5.0
17 121 6.0
17 7 7.0
17 8 8.0
17 12 9.0
17 28 10.0
17 32 11.0
17 65 12.0
17 67 13.0
17 69 14.0
17 71 15.0
17 73 16.0
17 75 17.0
17 77 18.0
17 79 19.0
17 81 20.0
17 83 21.0
17 132 22.0
18 131 10.0
18 6 11.0
18 9 12.0
18 121 13.0
18 7 14.0
18 8 15.0
18 12 16.0
18 28 17.0
18 32 18.0
18 65 19.0
18 67 20.0
18 69 21.0
18 71 22.0
18 73 23.0
18 75 24.0
18 77 25.0
18 79 26.0
18 81 27.0
18 83 28.0
18 132 29.0
19 135 4.0
19 118 5.0
19 117 6.0
19 116 7.0
19 112 8.0
19 110 9.0
19 108 10.0
19 106 11.0
19 104 12.0
19 102 13.0
19 100 14.0
19 95 15.0
19 93 16.0
19 91 17.0
19 89 18.0
19 87 19.0
19 85 20.0
19 34 21.0
19 25 22.0
19 14 23.0
19 26 24.0
19 123 25.0
19 119 26.0
19 120 27.0
19 130 28.0
20 131 12.0
20 6 13.0
20 9 14.0
20 121 15.0
20 3 16.0
20 13 17.0
20 27 18.0
20 33 19.0
20 86 20.0
20 88 21.0
20 90 22.0
20 92 23.0
20 94 24.0
20 96 25.0
20 97 26.0
20 101 27.0
20 103 28.0
20 105 29.0
20 107 30.0
20 109 31.0
20 111 32.0
20 113 33.0
20 114 34.0
20 115 35.0
20 134 36.0
25 135 30.0
25 118 31.0
25 117 32.0
25 116 33.0
25 112 34.0
25 110 35.0
25 108 36.0
25 106 37.0
25 104 38.0
25 102 39.0
25 100 40.0
25 95 41.0
25 93 42.0
25 91 43.0
25 89 44.0
25 87 45.0
25 85 46.0
25 34 47.0
25 25 48.0
25 14 49.0
25 26 50.0
25 123 51.0
25 119 52.0
25 120 53.0
25 130 54.0
29 135 26.0
29 118 27.0
29 117 28.0
29 116 29.0
29 112 30.0
29 110 31.0
29 108 32.0
29 106 33.0
29 104 34.0
29 102 35.0
29 100 36.0
29 95 37.0
29 93 38.0
29 91 39.0
29 89 40.0
29 87 41.0
29 85 42.0
29 34 43.0
29 25 44.0
29 14 45.0
29 26 46.0
29 123 47.0
29 119 48.0
29 120 49.0
29 130 50.0
30 135 28.0
30 118 29.0
30 117 30.0
30 116 31.0
30 112 32.0
30 110 33.0
30 108 34.0
30 106 35.0
30 104 36.0
30 102 37.0
30 100 38.0
30 95 39.0
30 93 40.0
30 91 41.0
30 89 42.0
30 87 43.0
30 85 44.0
30 34 45.0
30 25 46.0
30 14 47.0
30 26 48.0
30 123 49.0
30 119 50.0
30 120 51.0
30 130 52.0
34 139 50.0
34 128 51.0
34 98 52.0
34 47 53.0
34 45 54.0
34 44 55.0
34 43 56.0
34 42 57.0
34 37 58.0
34 22 59.0
34 18 60.0
34 21 61.0
34 0 62.0
34 123 63.0
34 119 64.0
34 120 65.0
34 130 66.0
35 133 40.0
35 84 41.0
35 82 42.0
35 80 43.0
35 78 44.0
35 76 45.0
35 74 46.0
35 72 47.0
35 70 48.0
35 68 49.0
35 66 50.0
35 31 51.0
35 30 52.0
35 11 53.0
35 29 54.0
35 10 55.0
35 122 56.0
35 9 57.0
35 119 58.0
35 120 59.0
35 130 60.0
39 139 30.0
39 128 31.0
39 98 32.0
39 47 33.0
39 45 34.0
39 44 35.0
39 43 36.0
39 42 37.0
39 37 38.0
39 22 39.0
39 18 40.0
39 21 41.0
39 0 42.0
39 123 43.0
39 119 44.0
39 120 45.0
39 130 46.0
40 137 39.0
40 126 40.0
40 124 41.0
40 63 42.0
40 61 43.0
40 60 44.0
40 58 45.0
40 55 46.0
40 54 47.0
40 52 48.0
40 50 49.0
40 35 50.0
40 24 51.0
40 15 52.0
40 5 53.0
40 2 54.0
40 123 55.0
40 119 56.0
40 120 57.0
40 130 58.0
42 137 49.0
42 126 50.0
42 124 51.0
42 63 52.0
42 61 53.0
42 60 54.0
42 58 55.0
42 55 56.0
42 54 57.0
42 52 58.0
42 50 59.0
42 35 60.0
42 24 61.0
42 15 62.0
42 5 63.0
42 2 64.0
42 123 65.0
42 119 66.0
42 120 67.0
42 130 68.0
43 135 40.0
43 118 41.0
43 117 42.0
43 116 43.0
43 112 44.0
43 110 45.0
43 108 46.0
43 106 47.0
43 104 48.0
43 102 49.0
43 100 50.0
43 95 51.0
43 93 52.0
43 91 53.0
43 89 54.0
43 87 55.0
43 85 56.0
43 34 57.0
43 25 58.0
43 14 59.0
43 26 60.0
43 123 61.0
43 119 62.0
43 120 63.0
43 130 64.0
45 135 38.0
45 118 39.0
45 117 40.0
45 116 41.0
45 112 42.0
45 110 43.0
45 108 44.0
45 106 45.0
45 104 46.0
45 102 47.0
45 100 48.0
45 95 49.0
45 93 50.0
45 91 51.0
45 89 52.0
45 87 53.0
45 85 54.0
45 34 55.0
45 25 56.0
45 14 57.0
45 26 58.0
45 123 59.0
45 119 60.0
45 120 61.0
45 130 62.0
46 139 40.0
46 128 41.0
46 98 42.0
46 47 43.0
46 45 44.0
46 44 45.0
46 43 46.0
46 42 47.0
46 37 48.0
46 22 49.0
46 18 50.0
46 21 51.0
46 0 52.0
46 123 53.0
46 119 54.0
46 120 55.0
46 130 56.0
66 131 37.0
66 6 38.0
66 9 39.0
66 121 40.0
66 3 41.0
66 13 42.0
66 27 43.0
66 33 44.0
66 86 45.0
66 88 46.0
66 90 47.0
66 92 48.0
66 94 49.0
66 96 50.0
66 97 51.0
66 101 52.0
66 103 53.0
66 105 54.0
66 107 55.0
66 109 56.0
66 111 57.0
66 113 58.0
66 114 59.0
66 115 60.0
66 134 61.0
67 135 48.0
67 118 49.0
67 117 50.0
67 116 51.0
67 112 52.0
67 110 53.0
67 108 54.0
67 106 55.0
67 104 56.0
67 102 57.0
67 100 58.0
67 95 59.0
67 93 60.0
67 91 61.0
67 89 62.0
67 87 63.0
67 85 64.0
67 34 65.0
67 25 66.0
67 14 67.0
67 26 68.0
67 123 69.0
67 119 70.0
67 120 71.0
67 130 72.0
68 133 50.0
68 84 51.0
68 82 52.0
68 80 53.0
68 78 54.0
68 76 55.0
68 74 56.0
68 72 57.0
68 70 58.0
68 68 59.0
68 66 60.0
68 31 61.0
68 30 62.0
68 11 63.0
68 29 64.0
68 10 65.0
68 122 66.0
68 9 67.0
68 119 68.0
68 120 69.0
68 130 70.0
69 131 33.0
69 6 34.0
69 9 35.0
69 121 36.0
69 3 37.0
69 13 38.0
69 27 39.0
69 33 40.0
69 86 41.0
69 88 42.0
69 90 43.0
69 92 44.0
69 94 45.0
69 96 46.0
69 97 47.0
69 101 48.0
69 103 49.0
69 105 50.0
69 107 51.0
69 109 52.0
69 111 53.0
69 113 54.0
69 114 55.0
69 115 56.0
69 134 57.0
70 135 50.0
70 118 51.0
70 117 52.0
70 116 53.0
70 112 54.0
70 110 55.0
70 108 56.0
70 106 57.0
70 104 58.0
70 102 59.0
70 100 60.0
70 95 61.0
70 93 62.0
70 91 63.0
70 89 64.0
70 87 65.0
70 85 66.0
70 34 67.0
70 25 68.0
70 14 69.0
70 26 70.0
70 123 71.0
70 119 72.0
70 120 73.0
70 130 74.0
82 131 41.0
82 6 42.0
82 9 43.0
82 121 44.0
82 3 45.0
82 13 46.0
82 27 47.0
82 33 48.0
82 86 49.0
82 88 50.0
82 90 51.0
82 92 52.0
82 94 53.0
82 96 54.0
82 97 55.0
82 101 56.0
82 103 57.0
82 105 58.0
82 107 59.0
82 109 60.0
82 111 61.0
82 113 62.0
82 114 63.0
82 115 64.0
82 134 65.0
84 131 48.0
84 6 49.0
84 9 50.0
84 121 51.0
84 3 52.0
84 13 53.0
84 27 54.0
84 33 55.0
84 86 56.0
84 88 57.0
84 90 58.0
84 92 59.0
84 94 60.0
84 96 61.0
84 97 62.0
84 101 63.0
84 103 64.0
84 105 65.0
84 107 66.0
84 109 67.0
84 111 68.0
84 113 69.0
84 114 70.0
84 115 71.0
84 134 72.0
85 131 50.0
85 6 51.0
85 9 52.0
85 121 53.0
85 3 54.0
85 13 55.0
85 27 56.0
85 33 57.0
85 86 58.0
85 88 59.0
85 90 60.0
85 92 61.0
85 94 62.0
85 96 63.0
85 97 64.0
85 101 65.0
85 103 66.0
85 105 67.0
85 107 68.0
85 109 69.0
85 111 70.0
85 113 71.0
85 114 72.0
85 115 73.0
85 134 74.0
94 131 45.0
94 6 46.0
94 9 47.0
94 121 48.0
94 3 49.0
94 13 50.0
94 27 51.0
94 33 52.0
94 86 53.0
94 88 54.0
94 90 55.0
94 92 56.0
94 94 57.0
94 96 58.0
94 97 59.0
94 101 60.0
94 103 61.0
94 105 62.0
94 107 63.0
94 109 64.0
94 111 65.0
94 113 66.0
94 114 67.0
94 115 68.0
94 134 69.0
;
param tini := 2.1;
;
set inFlight:=
0
1
13
17
;
set passedF :=
0 131 6
0 6 9
0 9 121
0 121 7
0 7 8
0 8 12
0 12 28
0 28 32
0 32 65
0 65 67
0 67 69
0 69 71
0 71 73
0 73 75
0 75 77
0 77 79
0 79 81
0 81 83
0 83 132
1 137 126
1 126 124
1 124 63
1 63 61
1 61 60
1 60 58
1 58 55
1 55 54
1 54 52
1 52 50
1 50 35
1 35 24
1 24 15
1 15 5
1 5 2
1 2 123
1 123 119
1 119 120
1 120 130
13 133 84
13 84 82
13 82 80
13 80 78
13 78 76
13 76 74
13 74 72
13 72 70
13 70 68
13 68 66
13 66 31
13 31 30
13 30 11
13 11 29
13 29 10
13 10 122
13 122 9
13 9 119
13 119 120
13 120 130
17 131 6
17 6 9
17 9 121
17 121 7
17 7 8
17 8 12
17 12 28
17 28 32
17 32 65
17 65 67
17 67 69
17 69 71
17 71 73
17 73 75
17 75 77
17 77 79
17 79 81
17 81 83
17 83 132
;